2.978228125777898754e+02 4.097308876067517076e+02 1.664091491699218750e+02
3.017763862460267319e+02 4.380069287947112571e+02 1.635279541015625000e+02
3.076199156817267522e+02 4.648924783026002956e+02 1.611288452148437500e+02
3.148129297593060301e+02 4.906636556468289996e+02 1.594264984130859375e+02
3.266630726533777533e+02 5.187393100394453995e+02 1.630770111083984375e+02
3.510199142156862422e+02 5.409783907303155956e+02 1.730737609863281250e+02
3.804950969621246486e+02 5.565584640682444615e+02 1.875697631835937500e+02
4.134398229262407654e+02 5.713456800752527442e+02 1.956338195800781250e+02
4.455625776702282224e+02 5.787495097321154844e+02 1.830672607421875000e+02
4.665951757094438790e+02 5.699381555175781386e+02 1.627587890625000000e+02
4.722906308641620399e+02 5.538923370241651583e+02 1.299612121582031250e+02
4.720431531719132749e+02 5.356486414770986357e+02 9.821699523925781250e+01
4.728646619609758091e+02 5.125743139409083824e+02 7.393098449707031250e+01
4.738291775572533879e+02 4.850351373889399724e+02 6.275344467163085938e+01
4.768843825396369311e+02 4.591462135344860940e+02 5.863152313232421875e+01
4.811333340513940016e+02 4.315682313088809678e+02 5.544010162353515625e+01
4.843521818273208055e+02 4.023971258903952730e+02 5.488031005859375000e+01
3.660448775945925490e+02 3.823315916353113835e+02 2.386407623291015625e+02
3.849144543217677779e+02 3.740112043373257507e+02 2.481822357177734375e+02
4.062277094822303525e+02 3.714791726684570676e+02 2.500875091552734375e+02
4.236547517664292286e+02 3.745567140347350232e+02 2.488072662353515625e+02
4.361148797727098554e+02 3.786835885620117779e+02 2.451312255859375000e+02
4.866887689328660827e+02 3.777739481189204298e+02 2.145597076416015625e+02
4.953579641304763754e+02 3.740032996562883341e+02 2.057572326660156250e+02
5.042566022087546003e+02 3.712929670924767152e+02 1.918432617187500000e+02
5.120325347302007231e+02 3.737978405701881002e+02 1.715253448486328125e+02
5.128970303404564675e+02 3.804270596552830739e+02 1.494676513671875000e+02
4.645546022901347669e+02 4.112565536678538933e+02 2.295370788574218750e+02
4.720327870088465261e+02 4.323712813912186448e+02 2.380522613525390625e+02
4.792000253714767268e+02 4.516641270536534876e+02 2.465271911621093750e+02
4.812296545888863193e+02 4.680302175963158788e+02 2.478098449707031250e+02
4.476997028425628287e+02 4.814197549737668851e+02 2.298633728027343750e+02
4.572028346641391181e+02 4.832711555510876451e+02 2.312178344726562500e+02
4.672838897106694276e+02 4.864910245289522663e+02 2.282010192871093750e+02
4.726683599733838719e+02 4.829971458764169938e+02 2.213134307861328125e+02
4.758339703728171344e+02 4.797655041743259972e+02 2.116737060546875000e+02
3.886604638791551452e+02 4.082817442531211896e+02 2.351451110839843750e+02
4.025732131060432266e+02 4.010343897082759099e+02 2.398141021728515625e+02
4.155425162521063385e+02 4.018064472751991616e+02 2.340350189208984375e+02
4.247016571643305838e+02 4.091794289263557403e+02 2.223212280273437500e+02
4.157770940444048620e+02 4.132173095583448230e+02 2.300132293701171875e+02
4.020535369274663253e+02 4.129648318301930203e+02 2.358324890136718750e+02
4.741808756510416742e+02 4.077658445949180646e+02 1.928697052001953125e+02
4.872812780043658449e+02 4.004736053347120333e+02 1.895414733886718750e+02
4.982024354224111562e+02 3.992371706375421354e+02 1.810648193359375000e+02
5.019165468702129260e+02 4.050015761910233323e+02 1.663143310546875000e+02
4.964102645574831740e+02 4.099863807708142076e+02 1.781886596679687500e+02
4.855071226830575597e+02 4.112964672492532827e+02 1.882174530029296875e+02
4.217455954757390941e+02 5.168294119322533788e+02 2.225624389648437500e+02
4.419502395929074510e+02 5.119172186638327275e+02 2.305424804687500000e+02
4.602326444738051237e+02 5.077743180099188294e+02 2.297933349609375000e+02
4.680539915795419574e+02 5.095181455604703160e+02 2.250944366455078125e+02
4.730907522164138754e+02 5.074241806209788592e+02 2.220637817382812500e+02
4.808762994504442077e+02 5.100031586770450645e+02 2.058779602050781250e+02
4.820545160031786054e+02 5.144208975279565266e+02 1.858499603271484375e+02
4.781087458591835002e+02 5.227479322725183692e+02 2.029267272949218750e+02
4.720754270067401421e+02 5.275396237122779439e+02 2.115357360839843750e+02
4.641862759459252175e+02 5.284538691980699241e+02 2.187202148437500000e+02
4.517866493374693277e+02 5.280345212928921228e+02 2.250744781494140625e+02
4.409250491871553095e+02 5.234674557435278075e+02 2.263634338378906250e+02
4.258709333831188246e+02 5.162856122663908991e+02 2.218011016845703125e+02
4.527659627278645758e+02 5.166331677485446789e+02 2.233199768066406250e+02
4.642819221047793690e+02 5.162276927753523523e+02 2.194897918701171875e+02
4.707670553768382433e+02 5.156494997989429976e+02 2.120465850830078125e+02
4.810369364420572538e+02 5.147016509890088400e+02 1.878855438232421875e+02
4.706270351035922204e+02 5.159293091299019807e+02 2.121296997070312500e+02
4.631691780838311843e+02 5.170580455585554773e+02 2.179655456542968750e+02
4.529385458553538228e+02 5.166212216126684780e+02 2.234332885742187500e+02
