2.273803546381931540e+02 2.751361504049862106e+02 6.348110198974609375e+01
2.279423889758539872e+02 3.075356526094324181e+02 6.451802825927734375e+01
2.310654525457644013e+02 3.396725579953661054e+02 6.807080841064453125e+01
2.334276228362438701e+02 3.699285435096890069e+02 7.291733551025390625e+01
2.336243452483532224e+02 4.056690122118183126e+02 8.498281097412109375e+01
2.299601506850298449e+02 4.343590023265165883e+02 1.128320922851562500e+02
2.272810464298023589e+02 4.550196599025352953e+02 1.517220458984375000e+02
2.323034964168772660e+02 4.742302259258195818e+02 1.940328979492187500e+02
2.608450496897977473e+02 4.869544495825674630e+02 2.223058166503906250e+02
2.973901932061887123e+02 4.802246352251838744e+02 2.357451477050781250e+02
3.416807302437576936e+02 4.664312921262254577e+02 2.265165405273437500e+02
3.798571199304917627e+02 4.480205273198146187e+02 2.097460784912109375e+02
4.090589070638021667e+02 4.216457269406785144e+02 1.975114440917968750e+02
4.264569568110447904e+02 3.875335710114123344e+02 1.910128173828125000e+02
4.339560835296033474e+02 3.552270482680376062e+02 1.894634399414062500e+02
4.413607409907323245e+02 3.216018709668925339e+02 1.911188812255859375e+02
4.455113367417280301e+02 2.866910687016505221e+02 1.936194610595703125e+02
1.987260041479970596e+02 2.436105350269990026e+02 1.755843505859375000e+02
2.008783787746055225e+02 2.348185364667106398e+02 2.006261444091796875e+02
2.098593216241574737e+02 2.322776945525524184e+02 2.245792541503906250e+02
2.200072600719975355e+02 2.357816667145373231e+02 2.404606323242187500e+02
2.302275287104587846e+02 2.401745680266735121e+02 2.514600219726562500e+02
2.886004524380552994e+02 2.436184690587660384e+02 2.853120727539062500e+02
3.021190840178845178e+02 2.403941801781747074e+02 2.896965637207031250e+02
3.215195817535999367e+02 2.389848443723191735e+02 2.918540649414062500e+02
3.452910496132046774e+02 2.442822830499386555e+02 2.895585632324218750e+02
3.669890443091299517e+02 2.552792437385109565e+02 2.781820983886718750e+02
2.569821116727941330e+02 2.822053842581954086e+02 2.692630920410156250e+02
2.493345019172219850e+02 3.056135727826285802e+02 2.808785400390625000e+02
2.423424834008310427e+02 3.269020351634305825e+02 2.914255371093750000e+02
2.381982741411994482e+02 3.458597631117876290e+02 2.935683898925781250e+02
2.363065099379595608e+02 3.607265449075137553e+02 2.473596954345703125e+02
2.393018783270144070e+02 3.634391753552006321e+02 2.593832092285156250e+02
2.479304901123046818e+02 3.681790144378063587e+02 2.685364074707031250e+02
2.582062507778990721e+02 3.665749541637943594e+02 2.711184387207031250e+02
2.708914510091145758e+02 3.646750365014169120e+02 2.696222534179687500e+02
2.103089052088120070e+02 2.732699090695848554e+02 1.964517822265625000e+02
2.144032351624731803e+02 2.664273667877795333e+02 2.133877868652343750e+02
2.264309963450712075e+02 2.694814724192899575e+02 2.235936889648437500e+02
2.412638246424057797e+02 2.790371879428039961e+02 2.263624114990234375e+02
2.284883935666551622e+02 2.819930363075405921e+02 2.214876708984375000e+02
2.160424038157743212e+02 2.794383473714192405e+02 2.101516723632812500e+02
2.987345207663144038e+02 2.836650959688073499e+02 2.607974853515625000e+02
3.092192686791513552e+02 2.751687642415363939e+02 2.730224914550781250e+02
3.241734980564491480e+02 2.749440937117033741e+02 2.792733154296875000e+02
3.396847495883118881e+02 2.840994582232306129e+02 2.752068786621093750e+02
3.243213690065870196e+02 2.887186815448835091e+02 2.756165771484375000e+02
3.083671513576133520e+02 2.886599904976638413e+02 2.690687561035156250e+02
2.222062456916360134e+02 4.006410996380974439e+02 2.161396026611328125e+02
2.272927800197227270e+02 3.949981436935125885e+02 2.417163238525390625e+02
2.380943117627910510e+02 3.910870009478400107e+02 2.604044494628906250e+02
2.461143128638174176e+02 3.941942311006433783e+02 2.660643005371093750e+02
2.533771509507123199e+02 3.928169894349341007e+02 2.699890747070312500e+02
2.735926596847234578e+02 4.002978690353094180e+02 2.716731262207031250e+02
2.937827841366038228e+02 4.094405529545803120e+02 2.636788940429687500e+02
2.706932041542202683e+02 4.158093515433516814e+02 2.666806030273437500e+02
2.565791852764054966e+02 4.189822482239966348e+02 2.648264465332031250e+02
2.442749918021407609e+02 4.182046438179763754e+02 2.599575500488281250e+02
2.326718341303806312e+02 4.170479613061045256e+02 2.493207397460937500e+02
2.262551426307827569e+02 4.112890784170112966e+02 2.384161987304687500e+02
2.252195609298406680e+02 4.001282863242953454e+02 2.195599975585937500e+02
2.384470816817937759e+02 4.017710582059972921e+02 2.485215759277343750e+02
2.484547251981847182e+02 4.026725351371017041e+02 2.599660644531250000e+02
2.598660687016505335e+02 4.043069918763403621e+02 2.634536437988281250e+02
2.913694757199754690e+02 4.095307260550704314e+02 2.633567199707031250e+02
2.572053501503140183e+02 4.042362438725490392e+02 2.627415161132812500e+02
2.470917925067976171e+02 4.040737752278645303e+02 2.578992614746093750e+02
2.369453900505514525e+02 4.026618640376071880e+02 2.487681884765625000e+02
