1.985861827775543702e+02 2.917110395124846036e+02 5.410221099853515625e+01
2.001583038928462202e+02 3.191543097881241806e+02 5.802819442749023438e+01
2.044276987113204598e+02 3.452640733786189458e+02 6.317738342285156250e+01
2.074587031345741366e+02 3.698266100595510579e+02 6.866781616210937500e+01
2.084810515160654063e+02 3.966510415948605441e+02 8.323162841796875000e+01
2.132508738199869640e+02 4.195987978946460544e+02 1.097753143310546875e+02
2.165346353568282325e+02 4.331469683957566303e+02 1.431652374267578125e+02
2.244826789407168803e+02 4.439061593328736990e+02 1.783690032958984375e+02
2.509835725073720596e+02 4.520957364430146299e+02 1.991883544921875000e+02
2.834221965714996827e+02 4.479345119581034851e+02 2.036216430664062500e+02
3.189835887235753376e+02 4.388395526242723008e+02 1.842063598632812500e+02
3.462400079465379577e+02 4.283230994609757545e+02 1.602046356201171875e+02
3.682424202713311843e+02 4.091069499176623481e+02 1.429003448486328125e+02
3.817671031278722467e+02 3.819588551719515408e+02 1.329236450195312500e+02
3.908711184034160624e+02 3.563409255562576163e+02 1.308246765136718750e+02
3.984904024011948422e+02 3.290060279277726067e+02 1.305884857177734375e+02
4.030725162281710254e+02 2.983400851859298655e+02 1.294350738525390625e+02
1.926944545371859761e+02 2.577767110667508632e+02 1.489024658203125000e+02
1.982636756448184769e+02 2.476886135804418814e+02 1.685339813232421875e+02
2.093140151079963402e+02 2.433585969393860751e+02 1.857778625488281250e+02
2.204028615914139095e+02 2.448361749865961485e+02 1.973323211669921875e+02
2.306236575257544530e+02 2.473510100001914509e+02 2.047054595947265625e+02
2.852667377546721923e+02 2.467643632058536127e+02 2.237337036132812500e+02
2.976197744332108073e+02 2.437260032384535577e+02 2.251843414306640625e+02
3.139591403138404075e+02 2.427960543643726794e+02 2.234689941406250000e+02
3.332879496256510947e+02 2.482254960482728166e+02 2.183583068847656250e+02
3.485102554620481214e+02 2.597577513032800880e+02 2.075050811767578125e+02
2.562479359346277761e+02 2.823436890127144352e+02 2.188629302978515625e+02
2.509725319656671445e+02 3.012990370686848678e+02 2.324859619140625000e+02
2.449202823414522072e+02 3.174084398336971162e+02 2.448427124023437500e+02
2.421364280551087518e+02 3.325149741258807694e+02 2.489323577880859375e+02
2.339637489468443619e+02 3.480584865076401115e+02 2.121317596435546875e+02
2.382827298631855228e+02 3.497989807009229253e+02 2.214133605957031250e+02
2.461021983427160080e+02 3.530578962019377514e+02 2.279410858154296875e+02
2.546804487639782337e+02 3.515656985892501325e+02 2.283486022949218750e+02
2.654473468855315446e+02 3.504880126235063926e+02 2.250668334960937500e+02
2.067205379112094192e+02 2.819692161889169029e+02 1.665074768066406250e+02
2.123674763399012022e+02 2.749479037296070487e+02 1.791479034423828125e+02
2.238345047296262464e+02 2.761624307550167714e+02 1.858721008300781250e+02
2.364505009071500012e+02 2.833114705283968533e+02 1.868968200683593750e+02
2.253236098345588516e+02 2.869714004696116376e+02 1.849601440429687500e+02
2.134935248879825451e+02 2.860356134033202693e+02 1.772132720947265625e+02
2.894618545831418714e+02 2.849906444355085569e+02 2.062397460937500000e+02
3.001605826583563044e+02 2.774007151764513992e+02 2.138724975585937500e+02
3.133292513978247484e+02 2.766904884966681948e+02 2.167839660644531250e+02
3.251225923426011377e+02 2.848063271197150357e+02 2.122170715332031250e+02
3.124603626924402988e+02 2.885665660663679546e+02 2.153022766113281250e+02
2.988352744906556495e+02 2.889593530871820803e+02 2.116009216308593750e+02
2.182288671755323151e+02 3.815163471775427979e+02 1.909633636474609375e+02
2.260119577445235848e+02 3.751584209846047315e+02 2.106521453857421875e+02
2.370649850882736018e+02 3.721909622970281362e+02 2.238145294189453125e+02
2.447382482790479798e+02 3.750712334606693616e+02 2.275718994140625000e+02
2.509794009937959345e+02 3.739794915173099525e+02 2.295303344726562500e+02
2.687112913243910839e+02 3.796909968836166627e+02 2.280242156982421875e+02
2.850603971593520214e+02 3.874475265682444274e+02 2.180761413574218750e+02
2.655913941626454857e+02 3.903452159687116136e+02 2.254552001953125000e+02
2.536492949242685313e+02 3.918000241029028530e+02 2.268599700927734375e+02
2.425709302116842423e+02 3.907995930271522411e+02 2.250233764648437500e+02
2.313586146335975684e+02 3.903009381941252514e+02 2.181893615722656250e+02
2.246865147010952626e+02 3.868353449084711428e+02 2.094607849121093750e+02
2.211728382185393684e+02 3.806693661439184098e+02 1.932996520996093750e+02
2.364568882362515296e+02 3.806727765730314559e+02 2.154083862304687500e+02
2.460615814807368338e+02 3.818132857259113848e+02 2.227583160400390625e+02
2.560151693306717107e+02 3.831954151108685096e+02 2.237126464843750000e+02
2.827480876847808986e+02 3.874478733915440216e+02 2.183553924560546875e+02
2.536970312978706943e+02 3.814165584070541399e+02 2.240988922119140625e+02
2.446056847067440572e+02 3.811360939654181266e+02 2.219311218261718750e+02
2.347099007400811956e+02 3.799586095952051892e+02 2.159751129150390625e+02
