3.186621298098096418e+02 2.133434584554036917e+02 1.140079498291015625e+02
3.229894478891409904e+02 2.370804258339078388e+02 1.104921340942382812e+02
3.283567635928883419e+02 2.604084135646446612e+02 1.085325393676757812e+02
3.351763354731540971e+02 2.820465558699066264e+02 1.071403121948242188e+02
3.471441612094056381e+02 3.053897443464691150e+02 1.106812667846679688e+02
3.671176308426202581e+02 3.241276957672718027e+02 1.222211227416992188e+02
3.901003149294385821e+02 3.364259745758655527e+02 1.362104492187500000e+02
4.178002122467639765e+02 3.447888041657093936e+02 1.464987182617187500e+02
4.453537128523284423e+02 3.475341066128601142e+02 1.396692199707031250e+02
4.639928673837699762e+02 3.384513506002988379e+02 1.246453247070312500e+02
4.704645013547411736e+02 3.257655880677467621e+02 9.745275878906250000e+01
4.729717967313878830e+02 3.106589436130898321e+02 7.179605102539062500e+01
4.750790339451210684e+02 2.909830027142693893e+02 5.357587814331054688e+01
4.748886505725337202e+02 2.667152268832338677e+02 4.672564315795898438e+01
4.767960815429688068e+02 2.442997534538718583e+02 4.519258499145507812e+01
4.790746176326976524e+02 2.214488701794194867e+02 4.439140319824218750e+01
4.805013071097580450e+02 1.973328948854933174e+02 4.520122146606445312e+01
3.664151892568551148e+02 1.928509987505744903e+02 1.799238739013671875e+02
3.801294533523858945e+02 1.863013196937711200e+02 1.891875457763671875e+02
3.959715194402956513e+02 1.827690006211225295e+02 1.920062866210937500e+02
4.092370034012140536e+02 1.829573068237305336e+02 1.924312591552734375e+02
4.192165317909390296e+02 1.843675381110696776e+02 1.902229461669921875e+02
4.605887120863970949e+02 1.798226504037895097e+02 1.717958679199218750e+02
4.680893012551700849e+02 1.765182868089863462e+02 1.662963409423828125e+02
4.764898064108456310e+02 1.743279906508502393e+02 1.567126464843750000e+02
4.853304328469669713e+02 1.760450899789848336e+02 1.426951141357421875e+02
4.893546034869026471e+02 1.810260719628428205e+02 1.253556365966796875e+02
4.440377739401425288e+02 2.079145319800284142e+02 1.805203704833984375e+02
4.493987029430913367e+02 2.245703473139744801e+02 1.874920043945312500e+02
4.554002439012714945e+02 2.393909391994102975e+02 1.944559783935546875e+02
4.579671007343367819e+02 2.526798211669922694e+02 1.952950134277343750e+02
4.339053228640088946e+02 2.657471383367801536e+02 1.770423431396484375e+02
4.416813081629136377e+02 2.667033527927773662e+02 1.786721343994140625e+02
4.502890687231924289e+02 2.686437797277114896e+02 1.770463562011718750e+02
4.550106591318167943e+02 2.651731868250230946e+02 1.723914642333984375e+02
4.592190691779641725e+02 2.622039797794118385e+02 1.650422363281250000e+02
3.862513348747702366e+02 2.107752964274089322e+02 1.789753265380859375e+02
3.961169292973537495e+02 2.045811914660884554e+02 1.833788909912109375e+02
4.063844839657054422e+02 2.040944572179458305e+02 1.800519104003906250e+02
4.146048960966222694e+02 2.090986143703087237e+02 1.718245239257812500e+02
4.072975871964997054e+02 2.130548909983916133e+02 1.770156707763671875e+02
3.963317691578585027e+02 2.137444238879634497e+02 1.805326843261718750e+02
4.552923265644149069e+02 2.048609011062922036e+02 1.531998596191406250e+02
4.650493908452053233e+02 1.983962069522633840e+02 1.525994567871093750e+02
4.741393890979243793e+02 1.970476938763787302e+02 1.478632659912109375e+02
4.794819498697917197e+02 2.015025231335210378e+02 1.372369537353515625e+02
4.740325700348499254e+02 2.057569651764515015e+02 1.451308898925781250e+02
4.646638330796185983e+02 2.073700587732652139e+02 1.509534912109375000e+02
4.146843379001991821e+02 2.974447681382123960e+02 1.674965667724609375e+02
4.305614452885646415e+02 2.905396661975337906e+02 1.750150604248046875e+02
4.452365795659084142e+02 2.856338204656863695e+02 1.760835113525390625e+02
4.521347257726332600e+02 2.865756618604474397e+02 1.729368896484375000e+02
4.564028564453125227e+02 2.845441259526272688e+02 1.710004425048828125e+02
4.653194229425168942e+02 2.860899542595359435e+02 1.579790191650390625e+02
4.698352223115808783e+02 2.894755821557139370e+02 1.409368591308593750e+02
4.648934996361825824e+02 2.959790501493566808e+02 1.559348602294921875e+02
4.598822196212469180e+02 3.000533912090227773e+02 1.628925781250000000e+02
4.531378476610370853e+02 3.015462636192173136e+02 1.679659576416015625e+02
4.422672770182291515e+02 3.029629731301700986e+02 1.720119323730468750e+02
4.323809666053921319e+02 3.007745114075904667e+02 1.716886596679687500e+02
4.179966361251532021e+02 2.963920170084636538e+02 1.669905242919921875e+02
4.406804146560967865e+02 2.932196293131511311e+02 1.700557861328125000e+02
4.504173598345588516e+02 2.920113689826517884e+02 1.680651550292968750e+02
4.564638026817171976e+02 2.911605888097427624e+02 1.627045745849609375e+02
4.684227626426547317e+02 2.897193830183441605e+02 1.425030670166015625e+02
4.568510317334942101e+02 2.906524700568704702e+02 1.628471374511718750e+02
4.505040757123161939e+02 2.926404251876532498e+02 1.669705963134765625e+02
4.415459339815027988e+02 2.935278940716912643e+02 1.700591430664062500e+02
