2.162724593817019070e+02 3.314816927083332416e+02 8.184577941894531250e+01
2.165863465552236562e+02 3.710042615942860493e+02 9.219200134277343750e+01
2.203284392712162969e+02 4.118121559532015112e+02 1.039182891845703125e+02
2.231485663918887781e+02 4.508977214977786616e+02 1.174558563232421875e+02
2.234713865990731847e+02 4.926967001761640859e+02 1.429863128662109375e+02
2.214419244504442190e+02 5.226181709080115070e+02 1.889038238525390625e+02
2.199655285405177381e+02 5.403593088426775921e+02 2.419570770263671875e+02
2.269167928059895587e+02 5.536099421721812632e+02 2.993562011718750000e+02
2.635721739525887983e+02 5.609701630476407672e+02 3.381363220214843750e+02
3.109553134095434075e+02 5.498333815870096259e+02 3.516966857910156250e+02
3.658084652171414746e+02 5.355023668715531358e+02 3.329832458496093750e+02
4.127277523265164518e+02 5.186654449103859861e+02 3.023840637207031250e+02
4.509208462584252288e+02 4.873474598843442891e+02 2.760607910156250000e+02
4.722511673272824737e+02 4.451202279124539700e+02 2.607296447753906250e+02
4.823158849379595381e+02 4.045860969334021888e+02 2.550642547607421875e+02
4.930656680836397072e+02 3.648558391735600139e+02 2.525682220458984375e+02
4.997921259861366252e+02 3.210149220425474823e+02 2.494263458251953125e+02
1.789173572016697449e+02 2.665427716064452284e+02 2.143851165771484375e+02
1.817421088723575622e+02 2.473370070752909839e+02 2.420295867919921875e+02
1.925979073318780763e+02 2.376012480133654208e+02 2.716487426757812500e+02
2.062515086454504001e+02 2.373114983293121156e+02 2.922093200683593750e+02
2.197667394301470836e+02 2.392736133889590064e+02 3.069174804687500000e+02
2.984716899797028304e+02 2.306088202622356960e+02 3.512202758789062500e+02
3.172031802906710141e+02 2.251056473316865549e+02 3.552904968261718750e+02
3.423903095320159764e+02 2.237084094118604014e+02 3.553141784667968750e+02
3.734825233609068960e+02 2.331794046678729728e+02 3.535331420898437500e+02
3.991041939529718547e+02 2.533245766673368280e+02 3.442767639160156250e+02
2.545741137934666369e+02 2.901665450989965507e+02 3.402587585449218750e+02
2.445513331992953567e+02 3.176235132793350999e+02 3.624132995605468750e+02
2.350820846258425263e+02 3.410003640806908152e+02 3.822489318847656250e+02
2.308346849628523216e+02 3.633395024557673878e+02 3.921241455078125000e+02
2.284184074850643356e+02 3.939834509995403096e+02 3.361776123046875000e+02
2.335902014638863307e+02 3.957037170649508653e+02 3.527066955566406250e+02
2.451362556008731701e+02 3.996494064271215052e+02 3.659643859863281250e+02
2.578341054878982845e+02 3.960735479856003849e+02 3.685395507812500000e+02
2.750113144818474211e+02 3.936971115052465393e+02 3.656089172363281250e+02
1.931710853726256403e+02 3.009146481024049535e+02 2.500785827636718750e+02
1.976205179850260549e+02 2.885400842045801824e+02 2.690038757324218750e+02
2.131336375517003887e+02 2.889950534237131592e+02 2.813908386230468750e+02
2.327300850662530820e+02 2.989470684216068435e+02 2.877923583984375000e+02
2.163393490062040598e+02 3.054296228984757136e+02 2.823187561035156250e+02
1.998332986270680465e+02 3.055860092103246188e+02 2.685209960937500000e+02
3.078555008233761896e+02 2.964960236433439604e+02 3.312104492187500000e+02
3.223614832261029051e+02 2.836069536037070407e+02 3.448694152832031250e+02
3.416727057961856531e+02 2.812052484489889252e+02 3.530191040039062500e+02
3.612695525524662798e+02 2.942820785462621984e+02 3.508968200683593750e+02
3.408284758923100526e+02 2.998704812681908152e+02 3.526505737304687500e+02
3.206826384899662798e+02 3.013453966567094540e+02 3.426440429687500000e+02
2.125607423071767528e+02 4.542300923904716683e+02 3.024470520019531250e+02
2.198913527544806925e+02 4.396047034409465937e+02 3.347461853027343750e+02
2.340740824381510379e+02 4.319016337316175509e+02 3.596987609863281250e+02
2.456117025936351013e+02 4.347006176757811318e+02 3.682045898437500000e+02
2.552100060556449250e+02 4.317087334367339508e+02 3.727306823730468750e+02
2.849404895258884380e+02 4.390904800953583162e+02 3.740806579589843750e+02
3.132707823510262983e+02 4.519622330250458617e+02 3.634844360351562500e+02
2.805375020345051666e+02 4.603190277937345627e+02 3.706965637207031250e+02
2.609987449496399563e+02 4.642501947380513343e+02 3.707759094238281250e+02
2.444149089738434100e+02 4.641245001340378735e+02 3.654437561035156250e+02
2.288859528186274304e+02 4.654606956571689693e+02 3.517143859863281250e+02
2.199500412884880234e+02 4.619852631452970400e+02 3.356130371093750000e+02
2.168050977519914113e+02 4.524484096392462220e+02 3.063958740234375000e+02
2.354927047430300320e+02 4.472999213962927456e+02 3.463477783203125000e+02
2.492571289062499886e+02 4.464014944278491726e+02 3.613521423339843750e+02
2.652442648494944706e+02 4.467610781441481436e+02 3.655404357910156250e+02
3.101594250248927551e+02 4.523239127604165333e+02 3.628092041015625000e+02
2.616957045611213175e+02 4.477822719439337220e+02 3.653219299316406250e+02
2.479530224370021472e+02 4.484182972866880164e+02 3.597090148925781250e+02
2.339339652267156850e+02 4.488998826210170137e+02 3.472650146484375000e+02
