2.959693768220789138e+02 4.095049577780330878e+02 1.595798187255859375e+02
3.005271383547315054e+02 4.384976611447801815e+02 1.552828369140625000e+02
3.071833614872950875e+02 4.657107948931525243e+02 1.516156921386718750e+02
3.149272706574084282e+02 4.907432675111059552e+02 1.501224060058593750e+02
3.273572732065237574e+02 5.175361381261488987e+02 1.539829711914062500e+02
3.512206382003484464e+02 5.395925970818013866e+02 1.664295654296875000e+02
3.804448750215417476e+02 5.535096912339154187e+02 1.827073211669921875e+02
4.145725959927427766e+02 5.666417893832337995e+02 1.919525909423828125e+02
4.486953939998850842e+02 5.720883410165824898e+02 1.823058929443359375e+02
4.711393316530713946e+02 5.613448920036764775e+02 1.613378906250000000e+02
4.777490130256203429e+02 5.457562444230621850e+02 1.271057510375976562e+02
4.770512045467601183e+02 5.281882762714460569e+02 9.528364562988281250e+01
4.762528751148896617e+02 5.062023187854243247e+02 7.101344299316406250e+01
4.771069467581954768e+02 4.802467759554994018e+02 5.990678787231445312e+01
4.797848850624234274e+02 4.545750694604013802e+02 5.640378952026367188e+01
4.829989158480775018e+02 4.287463290824142632e+02 5.392590713500976562e+01
4.863423887963388097e+02 3.995632678940717142e+02 5.421319961547851562e+01
3.621258417466107176e+02 3.829478499348958280e+02 2.353062438964843750e+02
3.811785797119140398e+02 3.748196220128676259e+02 2.447078247070312500e+02
4.020691728778913898e+02 3.711670909687117046e+02 2.469824066162109375e+02
4.193441138772403747e+02 3.736110873233570828e+02 2.463249206542968750e+02
4.318671036065793487e+02 3.774689088589537960e+02 2.432197570800781250e+02
4.838454537185967865e+02 3.753301266419654212e+02 2.145866546630859375e+02
4.928230326334635265e+02 3.715120067401961137e+02 2.063334045410156250e+02
5.024057604023054182e+02 3.683844023940142733e+02 1.930330810546875000e+02
5.104502304974724325e+02 3.709062413114660330e+02 1.721481475830078125e+02
5.118521095425475096e+02 3.777542384607652366e+02 1.498506164550781250e+02
4.617000923904718093e+02 4.107336660228056644e+02 2.282530822753906250e+02
4.692543277516084572e+02 4.325689962230009087e+02 2.355828857421875000e+02
4.758612152697993452e+02 4.512354308363970858e+02 2.431524658203125000e+02
4.783822160309435958e+02 4.682550520833333394e+02 2.439803924560546875e+02
4.443312200808057355e+02 4.811036992570465713e+02 2.260587768554687500e+02
4.537928294462316217e+02 4.825014934943703793e+02 2.274686737060546875e+02
4.645585907580805269e+02 4.850404712632123392e+02 2.245895996093750000e+02
4.703182274911917489e+02 4.813411576095281816e+02 2.179078979492187500e+02
4.737446682799096038e+02 4.778362769512101522e+02 2.086497344970703125e+02
3.850920085832184441e+02 4.089464759258195272e+02 2.316409759521484375e+02
3.992284299364276876e+02 4.016225408696193426e+02 2.366891479492187500e+02
4.121625979554419246e+02 4.028280215872970302e+02 2.321940612792968750e+02
4.214787534825942430e+02 4.099886606732536620e+02 2.208156433105468750e+02
4.122579261929381005e+02 4.142253481277764990e+02 2.274601440429687500e+02
3.984933283188763653e+02 4.140864550302542852e+02 2.322241821289062500e+02
4.719459270402496713e+02 4.067928573787913820e+02 1.927055969238281250e+02
4.854497234269684327e+02 3.989928495399624921e+02 1.897944793701171875e+02
4.970749128753063815e+02 3.972356018545114011e+02 1.815423126220703125e+02
5.012134589700137894e+02 4.030229555496515559e+02 1.657420349121093750e+02
4.951082513547411281e+02 4.087629582304113569e+02 1.776069793701171875e+02
4.834961833879059441e+02 4.104021800202014560e+02 1.878030242919921875e+02
4.163425123626110462e+02 5.135190765261182833e+02 2.181535949707031250e+02
4.378936979406020100e+02 5.094236713962928889e+02 2.262912750244140625e+02
4.573190590054380777e+02 5.052153945503982868e+02 2.263600006103515625e+02
4.658981957529105102e+02 5.065519166714537391e+02 2.222528381347656250e+02
4.711221638997395758e+02 5.043608219401041879e+02 2.192211608886718750e+02
4.802748885809206172e+02 5.059126249904259112e+02 2.025302886962890625e+02
4.828192613788679637e+02 5.084311209166284016e+02 1.824913024902343750e+02
4.782385926489736221e+02 5.185622533940334051e+02 1.993536529541015625e+02
4.714451719994638097e+02 5.238098440611596516e+02 2.081713867187500000e+02
4.628811027975642673e+02 5.249822609576057175e+02 2.154101104736328125e+02
4.495699282178691192e+02 5.247343593702129283e+02 2.215475158691406250e+02
4.376924440870097897e+02 5.205478360523896981e+02 2.226168670654296875e+02
4.205125615737017029e+02 5.130761639045266520e+02 2.175120239257812500e+02
4.499111830767462834e+02 5.132421188534007115e+02 2.203863983154296875e+02
4.627419110466452139e+02 5.124544831399356326e+02 2.169808807373046875e+02
4.699802481857000203e+02 5.114516243010876337e+02 2.094441375732421875e+02
4.817386370490578429e+02 5.088548811848958167e+02 1.843758087158203125e+02
4.699610380284926237e+02 5.127338878437117273e+02 2.092747650146484375e+02
4.619720211253446678e+02 5.137915640318627766e+02 2.153488006591796875e+02
4.503408393411075394e+02 5.137660917873008657e+02 2.206795196533203125e+02
