2.282667509191176123e+02 2.708757743566177396e+02 6.551449584960937500e+01
2.298943589154411598e+02 3.040646300551471768e+02 6.564037322998046875e+01
2.337573184742646788e+02 3.366348965992648345e+02 6.787874603271484375e+01
2.360087890624999432e+02 3.686578860294118840e+02 7.118910980224609375e+01
2.346930261948528766e+02 4.049984880514707584e+02 8.316286468505859375e+01
2.327027343749999488e+02 4.342792784926471654e+02 1.122476882934570312e+02
2.311551355698528880e+02 4.563505790441177510e+02 1.493818969726562500e+02
2.377132697610293519e+02 4.760039108455883365e+02 1.889512023925781250e+02
2.662651424632351791e+02 4.872843795955883479e+02 2.144874572753906250e+02
3.014937270220588061e+02 4.817808639705883706e+02 2.268830718994140625e+02
3.417617647058822854e+02 4.662852757352942490e+02 2.160341491699218750e+02
3.787206112132352587e+02 4.476886534926472336e+02 1.994776611328125000e+02
4.074726332720587720e+02 4.209587362132353974e+02 1.889520263671875000e+02
4.238235064338234679e+02 3.879269117647060057e+02 1.853794555664062500e+02
4.328052389705881637e+02 3.550192601102942263e+02 1.867459259033203125e+02
4.401090073529410915e+02 3.209369990808825150e+02 1.906555023193359375e+02
4.448551470588235475e+02 2.864223506433825150e+02 1.952089538574218750e+02
1.952677734374999829e+02 2.424703056066177567e+02 1.784803924560546875e+02
1.969803136488970381e+02 2.334730284926471597e+02 2.048874969482421875e+02
2.058673023897058556e+02 2.311655491727942149e+02 2.279752502441406250e+02
2.160120174632352814e+02 2.348539510569854087e+02 2.449644927978515625e+02
2.262252872242646902e+02 2.395411695772060057e+02 2.556289062500000000e+02
2.860545266544117453e+02 2.433572311580883252e+02 2.908265991210937500e+02
3.003620404411764184e+02 2.394579549632354087e+02 2.953919677734375000e+02
3.205082261029411370e+02 2.372238786764706902e+02 2.967591552734375000e+02
3.451946691176470381e+02 2.422301803768383479e+02 2.927243652343750000e+02
3.666634650735293803e+02 2.535807433363971768e+02 2.805031738281250000e+02
2.539098575367646617e+02 2.839702941176471995e+02 2.715240783691406250e+02
2.459181985294117396e+02 3.082165027573530551e+02 2.827749633789062500e+02
2.383221622242646731e+02 3.298710753676472223e+02 2.933442687988281250e+02
2.359002757352940876e+02 3.495305307904412757e+02 2.953632812500000000e+02
2.351579733455881751e+02 3.642932950367648459e+02 2.482059783935546875e+02
2.385352826286764127e+02 3.671641590073530779e+02 2.603411865234375000e+02
2.471404986213234736e+02 3.719985340073531006e+02 2.691102905273437500e+02
2.570287798713234793e+02 3.694850919117648118e+02 2.716386108398437500e+02
2.697617991727940989e+02 3.671094485294119067e+02 2.697239379882812500e+02
2.080281709558823309e+02 2.751786121323530665e+02 1.991908721923828125e+02
2.111931985294117453e+02 2.684820703125001273e+02 2.164322357177734375e+02
2.230792738970587834e+02 2.709820588235295418e+02 2.262640838623046875e+02
2.382497127757352757e+02 2.804225229779412984e+02 2.291194610595703125e+02
2.255339154411764468e+02 2.841962477022059943e+02 2.239026031494140625e+02
2.135593175551470324e+02 2.821230974264706788e+02 2.124355010986328125e+02
2.971862591911764184e+02 2.845713625919119067e+02 2.630610961914062500e+02
3.077579503676470267e+02 2.765428699448530665e+02 2.756969604492187500e+02
3.230147748161764412e+02 2.764862293198530665e+02 2.818197937011718750e+02
3.387275965073529278e+02 2.853234191176471768e+02 2.766853027343750000e+02
3.232368566176470495e+02 2.903225804227942604e+02 2.772141723632812500e+02
3.072299172794117226e+02 2.898797150735295531e+02 2.705314025878906250e+02
2.245780101102940591e+02 4.075148253676471768e+02 2.172404174804687500e+02
2.286747242647058442e+02 4.007604825367648118e+02 2.426866302490234375e+02
2.386687385110293462e+02 3.966403308823530551e+02 2.605134277343750000e+02
2.467353285845587720e+02 3.998715579044119295e+02 2.658552551269531250e+02
2.535723920036764127e+02 3.982265900735295645e+02 2.695646972656250000e+02
2.741888671874999091e+02 4.050454779411766140e+02 2.704554748535156250e+02
2.947983685661764071e+02 4.143440533088236748e+02 2.611057128906250000e+02
2.724985064338234793e+02 4.211141590073531233e+02 2.645571289062500000e+02
2.590742647058822854e+02 4.248608731617648004e+02 2.627807312011718750e+02
2.470407398897058329e+02 4.246472472426471541e+02 2.583782043457031250e+02
2.354364315257352303e+02 4.233815533088236407e+02 2.485709838867187500e+02
2.289063993566175839e+02 4.174576562500001273e+02 2.382876892089843750e+02
2.275122702205881637e+02 4.070252573529412530e+02 2.208450775146484375e+02
2.404094209558822968e+02 4.078709834558825378e+02 2.492016601562500000e+02
2.501346392463234736e+02 4.087013602941177624e+02 2.596985778808593750e+02
2.614214384191175782e+02 4.102866773897060284e+02 2.626502685546875000e+02
2.923478056066176123e+02 4.145153079044118840e+02 2.609681396484375000e+02
2.594703010110293917e+02 4.103394117647060284e+02 2.617827758789062500e+02
2.495745519301470097e+02 4.102976608455883820e+02 2.575635681152343750e+02
2.393436465992646447e+02 4.089486948529413439e+02 2.487849731445312500e+02
