1.965216496486289657e+02 2.917426775045955196e+02 5.264137268066406250e+01
1.980436066272212088e+02 3.187880836516735030e+02 5.632514190673828125e+01
2.024454205082911926e+02 3.442010695992263436e+02 6.175825881958007812e+01
2.060808416029985892e+02 3.676925099571077453e+02 6.785928344726562500e+01
2.076587527405981746e+02 3.941629505112591119e+02 8.199736785888671875e+01
2.111727953144148273e+02 4.156599449486825506e+02 1.064389801025390625e+02
2.139247129552504134e+02 4.295508924775964488e+02 1.380478668212890625e+02
2.233174778956992554e+02 4.422289796597349323e+02 1.711723785400390625e+02
2.490095024557674606e+02 4.509341674086626313e+02 1.895651550292968750e+02
2.799862759459252288e+02 4.469415183153338376e+02 1.936007537841796875e+02
3.125231762455958915e+02 4.382234788363587086e+02 1.745580444335937500e+02
3.370031208113127832e+02 4.278636741967294483e+02 1.505553588867187500e+02
3.571128605861289884e+02 4.074692310288372710e+02 1.322651062011718750e+02
3.690733125574448081e+02 3.806613314041436524e+02 1.221821670532226562e+02
3.783576181449141700e+02 3.556576643880208053e+02 1.193181076049804688e+02
3.872694162406173177e+02 3.295283534509994752e+02 1.176777877807617188e+02
3.935989029229856442e+02 2.995967994121476750e+02 1.161152496337890625e+02
1.910655989104626542e+02 2.581021758315141597e+02 1.468032989501953125e+02
1.969007853190104242e+02 2.492659274112476737e+02 1.669271850585937500e+02
2.082654333974800807e+02 2.458173332842657999e+02 1.842795410156250000e+02
2.195025853774126858e+02 2.482973944450826593e+02 1.960783386230468750e+02
2.296511746275658936e+02 2.515127595370423137e+02 2.028818511962890625e+02
2.836275159648820932e+02 2.517586187205594683e+02 2.207583770751953125e+02
2.962767975451899929e+02 2.482036269124348564e+02 2.210887603759765625e+02
3.124387055041743793e+02 2.464306806556851086e+02 2.178518066406250000e+02
3.316373019349341575e+02 2.507606346758674079e+02 2.112071380615234375e+02
3.462072909486060439e+02 2.615231445192823116e+02 1.985999603271484375e+02
2.543069104362936628e+02 2.845440901692708167e+02 2.162942962646484375e+02
2.493117107914943631e+02 3.035802287860944944e+02 2.291833801269531250e+02
2.436235967299517711e+02 3.202092306578392709e+02 2.409076538085937500e+02
2.412449958352481758e+02 3.354009871419270326e+02 2.447109832763671875e+02
2.327910141290402919e+02 3.502433865894989822e+02 2.087495117187500000e+02
2.371822017295687601e+02 3.521793157121246622e+02 2.177609863281250000e+02
2.448554167504404404e+02 3.556670093491497937e+02 2.238133544921875000e+02
2.531504474116306938e+02 3.542115075683593091e+02 2.238712310791015625e+02
2.636732397341260707e+02 3.530753529746858703e+02 2.199742279052734375e+02
2.045179980109719793e+02 2.817547252460553864e+02 1.644999237060546875e+02
2.105092067344515954e+02 2.750553804165708698e+02 1.769657745361328125e+02
2.221117948644301805e+02 2.765098417274624580e+02 1.835930480957031250e+02
2.347572421204810098e+02 2.839002801513671557e+02 1.845573577880859375e+02
2.235214196298636864e+02 2.873797463690065115e+02 1.826564178466796875e+02
2.113171508789062614e+02 2.862874167528339058e+02 1.750033111572265625e+02
2.880725382486979242e+02 2.865745864449295368e+02 2.016850585937500000e+02
2.994152593874463832e+02 2.792533681712430962e+02 2.087772369384765625e+02
3.127106535070082600e+02 2.787683261527266723e+02 2.107726593017578125e+02
3.241063615387561185e+02 2.869556585454005244e+02 2.051603698730468750e+02
3.118007433124616909e+02 2.907807245471430520e+02 2.091719360351562500e+02
2.978158259373085457e+02 2.908651663866229455e+02 2.066084289550781250e+02
2.178127659217983876e+02 3.826172221344592117e+02 1.876005249023437500e+02
2.252336188222847682e+02 3.772230408193549920e+02 2.069412536621093750e+02
2.360081470564299764e+02 3.747600173531325822e+02 2.194393463134765625e+02
2.434450309005438271e+02 3.777398075358072447e+02 2.227745971679687500e+02
2.494662205714805623e+02 3.766382774682138006e+02 2.245870361328125000e+02
2.668430890849992352e+02 3.819571210554533991e+02 2.222706604003906250e+02
2.826762759937959117e+02 3.891250530646828452e+02 2.116780700683593750e+02
2.641378095439835647e+02 3.926206851016772816e+02 2.194720458984375000e+02
2.525705203187231973e+02 3.945209299603629916e+02 2.207839660644531250e+02
2.417987570369944592e+02 3.937475718060661052e+02 2.193276214599609375e+02
2.308168284696691046e+02 3.929047526520373026e+02 2.132520294189453125e+02
2.243534198237400119e+02 3.887757056621476295e+02 2.051805419921875000e+02
2.207217848833869311e+02 3.820034026979931809e+02 1.898959503173828125e+02
2.354639234954235576e+02 3.828840833955651988e+02 2.110342712402343750e+02
2.447728728051279177e+02 3.843093922813264953e+02 2.179167938232421875e+02
2.544743008482689675e+02 3.856730629595587629e+02 2.185235290527343750e+02
2.804777630974264753e+02 3.891708337402343432e+02 2.121924438476562500e+02
2.524251146503523273e+02 3.843747492053461201e+02 2.188428955078125000e+02
2.435853209252451279e+02 3.840553827502679951e+02 2.170368957519531250e+02
2.339872173234527963e+02 3.825360076784619423e+02 2.114912109375000000e+02
