3.132563955269607163e+02 2.139462331495098510e+02 1.128409805297851562e+02
3.160270469515930927e+02 2.370306292126226140e+02 1.122798690795898438e+02
3.212308134191175668e+02 2.601659214154412325e+02 1.114681625366210938e+02
3.263278760723038658e+02 2.826608471200980830e+02 1.118253936767578125e+02
3.368997970281862422e+02 3.068861649816176964e+02 1.174948272705078125e+02
3.566022326899509380e+02 3.284700727634804593e+02 1.295425567626953125e+02
3.805908777573529278e+02 3.408199310661765367e+02 1.455341033935546875e+02
4.088308632046568505e+02 3.491497602634805162e+02 1.585010833740234375e+02
4.376741919424019898e+02 3.536786741727942172e+02 1.538499298095703125e+02
4.585755974264706083e+02 3.458312094056373667e+02 1.392167510986328125e+02
4.675343711703431495e+02 3.330444255514706811e+02 1.109828643798828125e+02
4.728295802696078454e+02 3.181365096507353769e+02 8.322509002685546875e+01
4.776786917892157476e+02 2.980040609681373667e+02 6.141678237915039062e+01
4.770989583333333712e+02 2.742261810661765367e+02 5.094007110595703125e+01
4.792157820159314383e+02 2.517994424019608459e+02 4.830039978027343750e+01
4.808822571997549744e+02 2.281605024509804593e+02 4.534232711791992188e+01
4.832107077205882888e+02 2.021724414062500728e+02 4.546862411499023438e+01
3.623394607843137010e+02 1.908513916973039670e+02 1.815096435546875000e+02
3.764262791053921546e+02 1.839952910539216191e+02 1.915599975585937500e+02
3.930047774969362990e+02 1.803387825520833871e+02 1.960111999511718750e+02
4.066338465073529278e+02 1.808481364889706242e+02 1.974304351806640625e+02
4.171919711243872371e+02 1.830436165364583871e+02 1.956934967041015625e+02
4.607911496629902786e+02 1.802526056985294645e+02 1.787648925781250000e+02
4.695390050551470722e+02 1.767395705039828897e+02 1.732251434326171875e+02
4.793378523284314383e+02 1.744304741115196578e+02 1.633541259765625000e+02
4.892485638786765776e+02 1.763439334405637737e+02 1.481339874267578125e+02
4.931341145833333712e+02 1.819979287300858459e+02 1.292751770019531250e+02
4.417684015012255259e+02 2.063539096966912325e+02 1.884020538330078125e+02
4.466310508578432064e+02 2.222699731924020057e+02 1.967274932861328125e+02
4.515728592218137578e+02 2.378822683057598510e+02 2.048074951171875000e+02
4.537451746323529846e+02 2.515539518229167584e+02 2.073791198730468750e+02
4.284853324142156907e+02 2.655168424479167584e+02 1.876910858154296875e+02
4.373469094669118249e+02 2.670422043504902945e+02 1.898432922363281250e+02
4.469806410845588971e+02 2.697147495404412325e+02 1.890774383544921875e+02
4.520514897365196703e+02 2.665482264859069232e+02 1.843555145263671875e+02
4.570178270526961342e+02 2.639986228553922274e+02 1.762100067138671875e+02
3.814926374846813815e+02 2.082518397671569232e+02 1.823289031982421875e+02
3.920377508425245310e+02 2.023420760569853201e+02 1.878743286132812500e+02
4.022902975643382320e+02 2.022196323529412325e+02 1.853944702148437500e+02
4.114342256433823763e+02 2.075936366421569232e+02 1.775580444335937500e+02
4.030864640778186185e+02 2.113820768229167015e+02 1.825657806396484375e+02
3.916814491421568505e+02 2.114903795189951552e+02 1.854152832031250000e+02
4.558338311887255259e+02 2.059533754595588562e+02 1.594582519531250000e+02
4.664400275735295054e+02 1.997080572150736089e+02 1.591885375976562500e+02
4.762648399203432064e+02 1.986142976409314258e+02 1.546250610351562500e+02
4.820325329350490620e+02 2.033536320465686913e+02 1.428243103027343750e+02
4.758835592830882888e+02 2.074889051011030006e+02 1.514537200927734375e+02
4.655684742647059693e+02 2.088223916207108459e+02 1.575094757080078125e+02
4.081717984068627629e+02 2.994098131127452120e+02 1.791995697021484375e+02
4.250647499234069073e+02 2.921325076593138306e+02 1.882227172851562500e+02
4.406691367953432064e+02 2.878571553308824491e+02 1.900879516601562500e+02
4.479458295036765207e+02 2.894793405330883047e+02 1.872176055908203125e+02
4.525929649203432064e+02 2.874518627450981398e+02 1.853723907470703125e+02
4.622282284007353610e+02 2.898750206801471450e+02 1.720700988769531250e+02
4.669429764093138147e+02 2.948027742034314542e+02 1.557602386474609375e+02
4.608804189644608300e+02 3.015801179534314542e+02 1.710671539306640625e+02
4.547989047181372371e+02 3.056069255514706811e+02 1.776694793701171875e+02
4.474752221200980102e+02 3.064132023590687481e+02 1.824266052246093750e+02
4.355534620098039227e+02 3.073030614276961501e+02 1.858433074951171875e+02
4.254920343137255259e+02 3.043209842218138306e+02 1.851567077636718750e+02
4.117615847120098351e+02 2.984932613357843820e+02 1.789557495117187500e+02
4.356283892463235361e+02 2.960288579963236089e+02 1.837548065185546875e+02
4.459030139399510517e+02 2.956470986519609028e+02 1.821880340576171875e+02
4.525297947303922115e+02 2.954262806372549903e+02 1.769363708496093750e+02
4.653811848958333712e+02 2.950263878676471450e+02 1.575227050781250000e+02
4.528707490808824332e+02 2.954559604779412894e+02 1.774454803466796875e+02
4.460844822303921546e+02 2.970797158394609028e+02 1.811385803222656250e+02
4.358959482230392268e+02 2.972901937806373667e+02 1.835793151855468750e+02
