2.117529099408317848e+02 3.227772507850795591e+02 8.160288238525390625e+01
2.136855726055070477e+02 3.627270415900734406e+02 8.960126495361328125e+01
2.175087612974877516e+02 4.024069117168350544e+02 9.970548248291015625e+01
2.196179054409849414e+02 4.389205620500151781e+02 1.118217773437500000e+02
2.198127187691482618e+02 4.798164559397976632e+02 1.345220794677734375e+02
2.196216316971124058e+02 5.107035260608147951e+02 1.785198059082031250e+02
2.184767395019530909e+02 5.288089720722271068e+02 2.308462066650390625e+02
2.247885848699831115e+02 5.442965900735292735e+02 2.885046691894531250e+02
2.583167887369791060e+02 5.547575218290439807e+02 3.277356262207031250e+02
3.057724571078431381e+02 5.457126006721045997e+02 3.405723876953125000e+02
3.618763667087928297e+02 5.311946077473955938e+02 3.252758483886718750e+02
4.109646010454962379e+02 5.154401964613969085e+02 2.995292358398437500e+02
4.492464264514399019e+02 4.886855776558669504e+02 2.816811218261718750e+02
4.697532116459865392e+02 4.495353349513632679e+02 2.674627990722656250e+02
4.820217435948989078e+02 4.133255741134343566e+02 2.631380920410156250e+02
4.931457160500918917e+02 3.731099881280636623e+02 2.578384704589843750e+02
5.010762204637715058e+02 3.278639896407781293e+02 2.540756530761718750e+02
1.792475966509650789e+02 2.588468891457949326e+02 2.186804504394531250e+02
1.832404630773207828e+02 2.416734895833332075e+02 2.472047576904296875e+02
1.950632250019148444e+02 2.336228300446153980e+02 2.736462707519531250e+02
2.088488755170037052e+02 2.344786379586013254e+02 2.946768493652343750e+02
2.227339704924939099e+02 2.375958341950060344e+02 3.096750793457031250e+02
3.014585171568627402e+02 2.338374307909198251e+02 3.525149536132812500e+02
3.200848405426623913e+02 2.285902133956608964e+02 3.573006286621093750e+02
3.449915357402726386e+02 2.265605183560239766e+02 3.582723999023437500e+02
3.756910620595895125e+02 2.352737777650121984e+02 3.550892944335937500e+02
4.012936688591452139e+02 2.545276758769913386e+02 3.457080993652343750e+02
2.577922849168965058e+02 2.882581954896215279e+02 3.423098449707031250e+02
2.474549018411075281e+02 3.142107376637177367e+02 3.637373352050781250e+02
2.375621076995251144e+02 3.367954928768381251e+02 3.823968200683593750e+02
2.323046763700597523e+02 3.598668904861748388e+02 3.903948974609375000e+02
2.273820424996170289e+02 3.920700110581340709e+02 3.324950256347656250e+02
2.325169066186044802e+02 3.935735221354165674e+02 3.484907836914062500e+02
2.445410028195848611e+02 3.980432329005819838e+02 3.612471923828125000e+02
2.578004361021752402e+02 3.948615424900427797e+02 3.645105895996093750e+02
2.745735292920879829e+02 3.926869393382351632e+02 3.620112609863281250e+02
1.922946998745787255e+02 2.950574318321077385e+02 2.518821105957031250e+02
1.981775932760799890e+02 2.831904206160001536e+02 2.703080749511718750e+02
2.142247485590916369e+02 2.843869813447839192e+02 2.826488342285156250e+02
2.333196486529182039e+02 2.946740100576362238e+02 2.880981445312500000e+02
2.170688967237285567e+02 3.003243285175397546e+02 2.833078308105468750e+02
2.000955172669653734e+02 2.998488316195617358e+02 2.702852478027343750e+02
3.090213199391084800e+02 2.939785975078506794e+02 3.322356262207031250e+02
3.238422042547488218e+02 2.817530339499080014e+02 3.462258605957031250e+02
3.435603539560355557e+02 2.801003894521675193e+02 3.542521057128906250e+02
3.626705915862438587e+02 2.933328739181218907e+02 3.518375549316406250e+02
3.424170919979319478e+02 2.982297733321843793e+02 3.534762878417968750e+02
3.218972649069393128e+02 2.989418542241114096e+02 3.438397827148437500e+02
2.101082170075060844e+02 4.499246289062498931e+02 2.946020202636718750e+02
2.169042095109527963e+02 4.370876765471812178e+02 3.289169921875000000e+02
2.320915644626990968e+02 4.292153948854931400e+02 3.545022583007812500e+02
2.437293277516084231e+02 4.321760384593289359e+02 3.630361938476562500e+02
2.538407732795266156e+02 4.294324160347731549e+02 3.677292175292968750e+02
2.834352816712622598e+02 4.377161162971046338e+02 3.702852172851562500e+02
3.115698462392770125e+02 4.516095953488816122e+02 3.594475402832031250e+02
2.803786370969286281e+02 4.626239759497547652e+02 3.672562866210937500e+02
2.608718692555146390e+02 4.675321872127756251e+02 3.666726989746093750e+02
2.437980971392462948e+02 4.675639934704349230e+02 3.607207946777343750e+02
2.265216932109757693e+02 4.668731722005206848e+02 3.462939453125000000e+02
2.172464927523743654e+02 4.612438638365501333e+02 3.292468872070312500e+02
2.139825585458792432e+02 4.487978689395678771e+02 2.987703552246093750e+02
2.321416526644837290e+02 4.447984982000611467e+02 3.411830444335937500e+02
2.468287910012637667e+02 4.438206221277572467e+02 3.570471191406250000e+02
2.635926350911457803e+02 4.453780641084557601e+02 3.615943298339843750e+02
3.086658949908088516e+02 4.520693221986058461e+02 3.589824829101562500e+02
2.606041610418581058e+02 4.493898113415286844e+02 3.622364196777343750e+02
2.457681055405560357e+02 4.496869137274048853e+02 3.559270629882812500e+02
2.310506913727404594e+02 4.491450761623007111e+02 3.427796020507812500e+02
