2.959693816390691836e+02 4.095049385100719519e+02 1.595798034667968750e+02
3.005271383547315054e+02 4.384976515107996420e+02 1.552828369140625000e+02
3.071833470363242782e+02 4.657107756251914452e+02 1.516157379150390625e+02
3.149272513894473491e+02 4.907432097072227180e+02 1.501224060058593750e+02
3.273572683895334876e+02 5.175361381261488987e+02 1.539829406738281250e+02
3.512206382003484464e+02 5.395925970818013866e+02 1.664295959472656250e+02
3.804448557535806685e+02 5.535096912339154187e+02 1.827073516845703125e+02
4.145726056267233162e+02 5.666417701152727204e+02 1.919525909423828125e+02
4.486953747319239483e+02 5.720883217486212970e+02 1.823058471679687500e+02
4.711392738491880436e+02 5.613448920036764775e+02 1.613378448486328125e+02
4.777489937576592638e+02 5.457562251551011059e+02 1.271058120727539062e+02
4.770512623506433556e+02 5.281882955394071359e+02 9.528364562988281250e+01
4.762528365789675036e+02 5.062024151252297770e+02 7.101344299316406250e+01
4.771070045620787141e+02 4.802467566875383227e+02 5.990676879882812500e+01
4.797849235983455856e+02 4.545750694604013802e+02 5.640378952026367188e+01
4.829989351160386377e+02 4.287463098144531841e+02 5.392590713500976562e+01
4.863423887963388097e+02 3.995633064299938724e+02 5.421319961547851562e+01
3.621257839427274803e+02 3.829478981047985826e+02 2.353062286376953125e+02
3.811785893458945793e+02 3.748196123788870864e+02 2.447078247070312500e+02
4.020691728778913898e+02 3.711670427988090069e+02 2.469824066162109375e+02
4.193441138772403747e+02 3.736111065913181619e+02 2.463248596191406250e+02
4.318670843386182696e+02 3.774688703230315809e+02 2.432197570800781250e+02
4.838453959147135492e+02 3.753301266419654212e+02 2.145867156982421875e+02
4.928230326334635265e+02 3.715120067401961137e+02 2.063333892822265625e+02
5.024057218663832600e+02 3.683844601978975675e+02 1.930330352783203125e+02
5.104502304974724325e+02 3.709062413114660330e+02 1.721481475830078125e+02
5.118521288105085887e+02 3.777542191928041007e+02 1.498505249023437500e+02
4.617001116584328884e+02 4.107336082189223703e+02 2.282530975341796875e+02
4.692542121438419258e+02 4.325689287851371319e+02 2.355829772949218750e+02
4.758611960018382661e+02 4.512354115684360067e+02 2.431525268554687500e+02
4.783822738348268899e+02 4.682550713512944185e+02 2.439804077148437500e+02
4.443312200808057355e+02 4.811036799890854354e+02 2.260587768554687500e+02
4.537928294462316217e+02 4.825015127623315152e+02 2.274686737060546875e+02
4.645585522221583687e+02 4.850404712632123392e+02 2.245895843505859375e+02
4.703182274911917489e+02 4.813411576095281816e+02 2.179078979492187500e+02
4.737446682799096038e+02 4.778362384152879940e+02 2.086497344970703125e+02
3.850919507793351499e+02 4.089465818996055759e+02 2.316409759521484375e+02
3.992283914005055294e+02 4.016225119676777240e+02 2.366890869140625000e+02
4.121625979554419246e+02 4.028280504892386489e+02 2.321940917968750000e+02
4.214787053126914884e+02 4.099886414052925829e+02 2.208156280517578125e+02
4.122579550948797760e+02 4.142253866636987141e+02 2.274601287841796875e+02
3.984933090509152862e+02 4.140864550302542852e+02 2.322241821289062500e+02
4.719458307004442759e+02 4.067928766467524611e+02 1.927055664062500000e+02
4.854496848910462745e+02 3.989927821020986585e+02 1.897944030761718750e+02
4.970749321432674606e+02 3.972355633185891861e+02 1.815422821044921875e+02
5.012135360418581627e+02 4.030229940855737141e+02 1.657420349121093750e+02
4.951081550149356758e+02 4.087629293284696814e+02 1.776070098876953125e+02
4.834961063160615709e+02 4.104021800202014560e+02 1.878030548095703125e+02
4.163425123626110462e+02 5.135190765261182833e+02 2.181535949707031250e+02
4.378937942804074055e+02 5.094236713962928889e+02 2.262912292480468750e+02
4.573190782733992137e+02 5.052153945503982868e+02 2.263600158691406250e+02
4.658981957529105102e+02 5.065519166714537391e+02 2.222528381347656250e+02
4.711221831677006548e+02 5.043608219401041879e+02 2.192211456298828125e+02
4.802748500449984022e+02 5.059126249904259112e+02 2.025302886962890625e+02
4.828192035749846696e+02 5.084311209166284016e+02 1.824913177490234375e+02
4.782385926489736221e+02 5.185622533940334051e+02 1.993536224365234375e+02
4.714451719994638097e+02 5.238097669893152215e+02 2.081713867187500000e+02
4.628811220655254033e+02 5.249822224216835593e+02 2.154100952148437500e+02
4.495699089499080401e+02 5.247343979061350865e+02 2.215475158691406250e+02
4.376924440870097897e+02 5.205478360523896981e+02 2.226168670654296875e+02
4.205125230377794878e+02 5.130761831724877311e+02 2.175120544433593750e+02
4.499111252728630461e+02 5.132421188534007115e+02 2.203863983154296875e+02
4.627418725107229989e+02 5.124545216758579045e+02 2.169808502197265625e+02
4.699802674536610994e+02 5.114516435690487128e+02 2.094441528320312500e+02
4.817386563170189788e+02 5.088548426489736585e+02 1.843757476806640625e+02
4.699610958323759178e+02 5.127339263796338855e+02 2.092747344970703125e+02
4.619720596612668260e+02 5.137916025677849348e+02 2.153488006591796875e+02
4.503408586090686185e+02 5.137660532513787075e+02 2.206795043945312500e+02
