2.282667509191176123e+02 2.708757858455883252e+02 6.551445007324218750e+01
2.298943933823529164e+02 3.040645726102942490e+02 6.564035797119140625e+01
2.337573184742646788e+02 3.366348276654413212e+02 6.787877655029296875e+01
2.360088579963234565e+02 3.686578400735295418e+02 7.118909454345703125e+01
2.346930606617646333e+02 4.049986259191177851e+02 8.316287994384765625e+01
2.327026884191175782e+02 4.342793244485295077e+02 1.122476882934570312e+02
2.311551011029411313e+02 4.563505790441177510e+02 1.493818969726562500e+02
2.377132697610293519e+02 4.760039108455883365e+02 1.889512023925781250e+02
2.662651079963234224e+02 4.872843336397060057e+02 2.144874572753906250e+02
3.014936810661764071e+02 4.817808409926471995e+02 2.268830413818359375e+02
3.417618795955881978e+02 4.662852757352942490e+02 2.160341186523437500e+02
3.787205652573528596e+02 4.476886534926472336e+02 1.994776611328125000e+02
4.074726792279411143e+02 4.209587362132353974e+02 1.889521179199218750e+02
4.238234604779411256e+02 3.879270266544119181e+02 1.853794250488281250e+02
4.328052159926469926e+02 3.550192601102942263e+02 1.867459411621093750e+02
4.401090073529410915e+02 3.209369875919119295e+02 1.906555023193359375e+02
4.448551930147058897e+02 2.864224080882354428e+02 1.952089538574218750e+02
1.952678251378676464e+02 2.424703285845589278e+02 1.784804382324218750e+02
1.969803136488970381e+02 2.334730859375001160e+02 2.048874359130859375e+02
2.058673138786764412e+02 2.311655147058824582e+02 2.279752502441406250e+02
2.160120289522058670e+02 2.348539051011030665e+02 2.449645233154296875e+02
2.262253102022058613e+02 2.395411236213236350e+02 2.556289062500000000e+02
2.860545726102940876e+02 2.433572081801471541e+02 2.908265380859375000e+02
3.003620174632352473e+02 2.394579836856618726e+02 2.953919982910156250e+02
3.205083180147058783e+02 2.372238959099265969e+02 2.967592163085937500e+02
3.451946691176470381e+02 2.422301688878677624e+02 2.927243347167968750e+02
3.666634880514706083e+02 2.535807031250001273e+02 2.805031738281250000e+02
2.539098575367646617e+02 2.839703056066177851e+02 2.715240478515625000e+02
2.459181525735293690e+02 3.082165027573530551e+02 2.827749633789062500e+02
2.383221622242646731e+02 3.298711098345589789e+02 2.933442687988281250e+02
2.359002642463235020e+02 3.495305767463236748e+02 2.953632507324218750e+02
2.351580078124999318e+02 3.642932720588236748e+02 2.482059783935546875e+02
2.385353515624999545e+02 3.671641590073530779e+02 2.603411254882812500e+02
2.471405445772058158e+02 3.719985340073531006e+02 2.691103515625000000e+02
2.570288028492646504e+02 3.694851838235295531e+02 2.716386108398437500e+02
2.697617991727940989e+02 3.671094485294119067e+02 2.697239379882812500e+02
2.080281939338235020e+02 2.751785202205883252e+02 1.991908111572265625e+02
2.111931755514705742e+02 2.684820932904412984e+02 2.164322204589843750e+02
2.230792738970587834e+02 2.709820588235295418e+02 2.262640380859375000e+02
2.382496897977940762e+02 2.804225229779412984e+02 2.291194610595703125e+02
2.255339154411764468e+02 2.841962706801471654e+02 2.239025115966796875e+02
2.135593175551470324e+02 2.821230744485295077e+02 2.124355773925781250e+02
2.971863051470587607e+02 2.845713396139707356e+02 2.630611572265625000e+02
3.077579503676470267e+02 2.765428125000001387e+02 2.756969604492187500e+02
3.230148207720587834e+02 2.764862063419118954e+02 2.818197937011718750e+02
3.387275735294117567e+02 2.853234765625001046e+02 2.766853027343750000e+02
3.232368336397058783e+02 2.903226034007354315e+02 2.772142333984375000e+02
3.072298483455882092e+02 2.898796576286765685e+02 2.705314025878906250e+02
2.245780330882352303e+02 4.075148483455883479e+02 2.172404479980468750e+02
2.286747012867646447e+02 4.007605284926471541e+02 2.426867218017578125e+02
2.386688304227940591e+02 3.966403308823530551e+02 2.605134277343750000e+02
2.467353285845587720e+02 3.998715349264707584e+02 2.658552246093750000e+02
2.535724264705881694e+02 3.982265900735295645e+02 2.695646972656250000e+02
2.741888671874999091e+02 4.050455238970589562e+02 2.704555358886718750e+02
2.947983685661764071e+02 4.143440762867648459e+02 2.611058044433593750e+02
2.724985064338234793e+02 4.211141590073531233e+02 2.645571289062500000e+02
2.590742417279411143e+02 4.248607582720589448e+02 2.627808227539062500e+02
2.470407284007352473e+02 4.246472472426471541e+02 2.583782043457031250e+02
2.354363970588234736e+02 4.233815533088236407e+02 2.485710296630859375e+02
2.289064338235293690e+02 4.174576562500001273e+02 2.382876586914062500e+02
2.275122931985293349e+02 4.070252573529412530e+02 2.208450164794921875e+02
2.404094324448528823e+02 4.078709604779413098e+02 2.492017059326171875e+02
2.501345588235293462e+02 4.087013373161765912e+02 2.596985778808593750e+02
2.614214613970588061e+02 4.102866314338236862e+02 2.626502990722656250e+02
2.923477022058822854e+02 4.145152849264707129e+02 2.609681701660156250e+02
2.594703010110293917e+02 4.103393658088236862e+02 2.617827758789062500e+02
2.495745519301470097e+02 4.102975919117648118e+02 2.575635681152343750e+02
2.393436810661764014e+02 4.089486488970590017e+02 2.487850189208984375e+02
