1.965216978185317203e+02 2.917426389686733614e+02 5.264135742187500000e+01
1.980436066272212088e+02 3.187881318215762008e+02 5.632511901855468750e+01
2.024454205082911926e+02 3.442010406972847250e+02 6.175823211669921875e+01
2.060808030670764310e+02 3.676924906891466662e+02 6.785926055908203125e+01
2.076587431066176350e+02 3.941629505112591119e+02 8.199739074707031250e+01
2.111727375105315332e+02 4.156599449486825506e+02 1.064389953613281250e+02
2.139247707591337075e+02 4.295508732096353697e+02 1.380479125976562500e+02
2.233174971636603630e+02 4.422289603917738532e+02 1.711724243164062500e+02
2.490095024557674606e+02 4.509341866766237104e+02 1.895650939941406250e+02
2.799862759459252288e+02 4.469415183153338376e+02 1.936007080078125000e+02
3.125231184417125974e+02 4.382234595683976295e+02 1.745580444335937500e+02
3.370032171511182355e+02 4.278636741967294483e+02 1.505553741455078125e+02
3.571128605861289884e+02 4.074692117608761919e+02 1.322651367187500000e+02
3.690733318254059441e+02 3.806612928682214942e+02 1.221821670532226562e+02
3.783576181449141700e+02 3.556576643880208053e+02 1.193180694580078125e+02
3.872694933124616909e+02 3.295283919869216902e+02 1.176777877807617188e+02
3.935988643870634860e+02 2.995967801441865959e+02 1.161152038574218750e+02
1.910656278124042728e+02 2.581022095504461049e+02 1.468033142089843750e+02
1.969007756850298847e+02 2.492659659471698319e+02 1.669272460937500000e+02
2.082654719334022957e+02 2.458173043823241812e+02 1.842795867919921875e+02
2.195025950113932254e+02 2.482973896280923896e+02 1.960783843994140625e+02
2.296512131634880802e+02 2.515127595370423137e+02 2.028818969726562500e+02
2.836275545008042513e+02 2.517585801846373101e+02 2.207583770751953125e+02
2.962767590092678347e+02 2.482036269124348564e+02 2.210887603759765625e+02
3.124387055041743793e+02 2.464307047406364575e+02 2.178518066406250000e+02
3.316373212028952935e+02 2.507606683947993247e+02 2.112070922851562500e+02
3.462072909486060439e+02 2.615231830552045267e+02 1.985999908447265625e+02
2.543069682401769569e+02 2.845441287051929748e+02 2.162943572998046875e+02
2.493116722555721481e+02 3.035802287860944944e+02 2.291833801269531250e+02
2.436236641678155479e+02 3.202093269976447232e+02 2.409076538085937500e+02
2.412450151032092549e+02 3.354010449458103267e+02 2.447109222412109375e+02
2.327909563251570262e+02 3.502433865894989822e+02 2.087495117187500000e+02
2.371822017295687601e+02 3.521792868101829868e+02 2.177610168457031250e+02
2.448553878484987649e+02 3.556670286171108728e+02 2.238133392333984375e+02
2.531504185096890183e+02 3.542115653722426032e+02 2.238712005615234375e+02
2.636732686360676894e+02 3.530752662688610144e+02 2.199742736816406250e+02
2.045179787430108718e+02 2.817547541479970050e+02 1.644999694824218750e+02
2.105092067344515954e+02 2.750553996845319489e+02 1.769657745361328125e+02
2.221117466945274259e+02 2.765098609954235371e+02 1.835931091308593750e+02
2.347571746826172046e+02 2.839002994193282348e+02 1.845573577880859375e+02
2.235214196298636864e+02 2.873797463690065115e+02 1.826564483642578125e+02
2.113171412449257218e+02 2.862874071188533662e+02 1.750033264160156250e+02
2.880724997127757661e+02 2.865745768109489404e+02 2.016850280761718750e+02
2.994152979233685983e+02 2.792533103673598021e+02 2.087772521972656250e+02
3.127106342390471809e+02 2.787682587148628954e+02 2.107727050781250000e+02
3.241063230028339603e+02 2.869556392774394453e+02 2.051603698730468750e+02
3.118007433124616909e+02 2.907807438151041310e+02 2.091719055175781250e+02
2.978158644732307039e+02 2.908651374846813269e+02 2.066084289550781250e+02
2.178127659217983876e+02 3.826172221344592117e+02 1.876005249023437500e+02
2.252336380902458473e+02 3.772230793552772070e+02 2.069411926269531250e+02
2.360081470564299764e+02 3.747599980851715031e+02 2.194393463134765625e+02
2.434450309005438271e+02 3.777398268037683238e+02 2.227745971679687500e+02
2.494662205714805623e+02 3.766382967361748797e+02 2.245870208740234375e+02
2.668431468888825293e+02 3.819571210554533991e+02 2.222707214355468750e+02
2.826762374578737536e+02 3.891250723326439243e+02 2.116781005859375000e+02
2.641378384459252402e+02 3.926206851016772816e+02 2.194720764160156250e+02
2.525705203187231973e+02 3.945209299603629916e+02 2.207840118408203125e+02
2.417988244748582929e+02 3.937475718060661052e+02 2.193276214599609375e+02
2.308167995677274575e+02 3.929047141161150876e+02 2.132519989013671875e+02
2.243533909217983933e+02 3.887757056621476295e+02 2.051804962158203125e+02
2.207217848833869311e+02 3.820034219659543169e+02 1.898959808349609375e+02
2.354639427633846367e+02 3.828841219314873570e+02 2.110342254638671875e+02
2.447728150012446235e+02 3.843094115492876313e+02 2.179168548583984375e+02
2.544743490181717220e+02 3.856730822275198420e+02 2.185234832763671875e+02
2.804777630974264753e+02 3.891708722761565014e+02 2.121923980712890625e+02
2.524251146503523273e+02 3.843748070092294142e+02 2.188428955078125000e+02
2.435853787291283652e+02 3.840553827502679951e+02 2.170368957519531250e+02
2.339872173234527963e+02 3.825360462143841005e+02 2.114912109375000000e+02
