3.132564003140317936e+02 2.139462618719363149e+02 1.128409805297851562e+02
3.160270469515930927e+02 2.370306292126226140e+02 1.122798233032226562e+02
3.212308229932597214e+02 2.601659118412990779e+02 1.114681396484375000e+02
3.263278808593749432e+02 2.826607130821079181e+02 1.118254241943359375e+02
3.368997922411151649e+02 3.068862032781863149e+02 1.174948043823242188e+02
3.566022231158087834e+02 3.284700727634804593e+02 1.295425720214843750e+02
3.805908681832107732e+02 3.408199310661765367e+02 1.455341339111328125e+02
4.088308632046568505e+02 3.491498177083334440e+02 1.585010375976562500e+02
4.376742110906862990e+02 3.536787124693628357e+02 1.538498992919921875e+02
4.585755974264706083e+02 3.458312477022059852e+02 1.392167510986328125e+02
4.675343520220588402e+02 3.330444446997549903e+02 1.109829025268554688e+02
4.728295611213235361e+02 3.181364905024510676e+02 8.322515869140625000e+01
4.776786343443628198e+02 2.980041567095589130e+02 6.141674804687500000e+01
4.770989774816176805e+02 2.742262193627452120e+02 5.094007110595703125e+01
4.792157820159314383e+02 2.517994806985294645e+02 4.830038833618164062e+01
4.808821806066176805e+02 2.281604928768383047e+02 4.534233474731445312e+01
4.832106885723039795e+02 2.021724701286765367e+02 4.546865081787109375e+01
3.623394416360293917e+02 1.908514108455882763e+02 1.815096282958984375e+02
3.764262982536764639e+02 1.839952910539216191e+02 1.915599975585937500e+02
3.930047583486519898e+02 1.803387825520833871e+02 1.960111999511718750e+02
4.066338369332107732e+02 1.808481029794730830e+02 1.974303894042968750e+02
4.171919424019607732e+02 1.830435830269608459e+02 1.956935272216796875e+02
4.607911496629902786e+02 1.802525865502451552e+02 1.787649383544921875e+02
4.695389284620098351e+02 1.767396088005515367e+02 1.732251434326171875e+02
4.793378523284314383e+02 1.744305028339461501e+02 1.633541259765625000e+02
4.892485255821079022e+02 1.763439573759191603e+02 1.481340179443359375e+02
4.931341337316176805e+02 1.819979287300858459e+02 1.292751617431640625e+02
4.417684397977941444e+02 2.063539288449755418e+02 1.884020690917968750e+02
4.466310700061275156e+02 2.222699923406863149e+02 1.967274475097656250e+02
4.515728592218137578e+02 2.378822491574755418e+02 2.048074951171875000e+02
4.537452129289216032e+02 2.515540092677696862e+02 2.073791503906250000e+02
4.284853898590686185e+02 2.655167945772059852e+02 1.876910095214843750e+02
4.373468903186275156e+02 2.670421373314951552e+02 1.898433532714843750e+02
4.469806602328432064e+02 2.697147782628677533e+02 1.890774230957031250e+02
4.520514897365196703e+02 2.665482264859069232e+02 1.843555145263671875e+02
4.570177887561275156e+02 2.639985654105392996e+02 1.762100067138671875e+02
3.814927140778186185e+02 2.082518206188726140e+02 1.823289031982421875e+02
3.920377987132353041e+02 2.023421143535539670e+02 1.878743438720703125e+02
4.022902879901960773e+02 2.022196802236520057e+02 1.853945159912109375e+02
4.114341394761029278e+02 2.075936174938726140e+02 1.775580444335937500e+02
4.030864832261029278e+02 2.113820959712010108e+02 1.825657348632812500e+02
3.916814491421568505e+02 2.114904369638480830e+02 1.854152069091796875e+02
4.558337928921569073e+02 2.059533467371323923e+02 1.594582214355468750e+02
4.664400467218138147e+02 1.997080093443628073e+02 1.591886138916015625e+02
4.762648973651961342e+02 1.986142114736520057e+02 1.546250457763671875e+02
4.820325520833333712e+02 2.033536128982843820e+02 1.428243103027343750e+02
4.758835592830882888e+02 2.074888859528186913e+02 1.514537200927734375e+02
4.655684934129902786e+02 2.088223916207108459e+02 1.575094146728515625e+02
4.081718367034313815e+02 2.994099088541667584e+02 1.791996154785156250e+02
4.250648169424019898e+02 2.921324885110295213e+02 1.882227478027343750e+02
4.406691367953432064e+02 2.878571553308824491e+02 1.900879669189453125e+02
4.479457720588235361e+02 2.894793405330883047e+02 1.872175750732421875e+02
4.525929649203432064e+02 2.874519584865196862e+02 1.853723907470703125e+02
4.622282092524510517e+02 2.898750781250000728e+02 1.720701446533203125e+02
4.669430338541667425e+02 2.948027933517157635e+02 1.557602386474609375e+02
4.608803806678922115e+02 3.015801371017157635e+02 1.710671386718750000e+02
4.547989238664215463e+02 3.056068872549020625e+02 1.776694030761718750e+02
4.474752221200980102e+02 3.064130874693628357e+02 1.824265899658203125e+02
4.355534428615196134e+02 3.073030422794118408e+02 1.858433074951171875e+02
4.254920343137255259e+02 3.043210225183824491e+02 1.851567077636718750e+02
4.117615559895833712e+02 2.984933570772059852e+02 1.789557800292968750e+02
4.356283892463235361e+02 2.960287814031863718e+02 1.837548065185546875e+02
4.459030139399510517e+02 2.956470412071079181e+02 1.821880493164062500e+02
4.525297755821078454e+02 2.954262806372549903e+02 1.769364013671875000e+02
4.653812231924019898e+02 2.950263495710785264e+02 1.575227050781250000e+02
4.528707490808824332e+02 2.954559604779412894e+02 1.774454650878906250e+02
4.460844822303921546e+02 2.970797158394609028e+02 1.811385803222656250e+02
4.358959482230392268e+02 2.972901363357843820e+02 1.835792694091796875e+02
