2.117528600356158108e+02 3.227772008798635284e+02 8.160289001464843750e+01
2.136855726055070477e+02 3.627270415900734406e+02 8.960131835937500000e+01
2.175087612974877516e+02 4.024068451765470513e+02 9.970551300048828125e+01
2.196179719812729445e+02 4.389206618604471828e+02 1.118217468261718750e+02
2.198127520392922349e+02 4.798165224800856663e+02 1.345221252441406250e+02
2.196216982374004090e+02 5.107036591413908013e+02 1.785197601318359375e+02
2.184766729616650878e+02 5.288089388020831620e+02 2.308462371826171875e+02
2.247886015050551123e+02 5.442965900735292735e+02 2.885046691894531250e+02
2.583168386421950800e+02 5.547574885588999223e+02 3.277356262207031250e+02
3.057724571078431381e+02 5.457126006721045997e+02 3.405724182128906250e+02
3.618763001685048266e+02 5.311945744772516491e+02 3.252758178710937500e+02
4.109645677753522932e+02 5.154401964613969085e+02 2.995292358398437500e+02
4.492463266410079541e+02 4.886855443857229488e+02 2.816811218261718750e+02
4.697531451056985361e+02 4.495352684110753216e+02 2.674628906250000000e+02
4.820216770546109046e+02 4.133255075731464103e+02 2.631380310058593750e+02
4.931457160500918917e+02 3.731100213982076639e+02 2.578385009765625000e+02
5.010763202742034537e+02 3.278638232900581784e+02 2.540756530761718750e+02
1.792475633808211057e+02 2.588468226055069294e+02 2.186804656982421875e+02
1.832404797123927835e+02 2.416733897729012597e+02 2.472047424316406250e+02
1.950631917317708428e+02 2.336226803289674194e+02 2.736462097167968750e+02
2.088488422468597037e+02 2.344785381481693207e+02 2.946768188476562500e+02
2.227340203977098838e+02 2.375957343845740866e+02 3.096751403808593750e+02
3.014585171568627402e+02 2.338374307909198251e+02 3.525148620605468750e+02
3.200849070829503944e+02 2.285901884430529094e+02 3.573006896972656250e+02
3.449915690104166970e+02 2.265605183560239766e+02 3.582724304199218750e+02
3.756909955193015094e+02 2.352737112247241953e+02 3.550894165039062500e+02
4.012937021292892723e+02 2.545276426068473938e+02 3.457079772949218750e+02
2.577923680922564245e+02 2.882580956791895233e+02 3.423099975585937500e+02
2.474550182866115051e+02 3.142107709338617383e+02 3.637372741699218750e+02
2.375621576047411168e+02 3.367954097014781496e+02 3.823968200683593750e+02
2.323047262752757263e+02 3.598668904861748388e+02 3.903949584960937500e+02
2.273821090399050320e+02 3.920702772192860266e+02 3.324949951171875000e+02
2.325169066186044802e+02 3.935734555951285643e+02 3.484907531738281250e+02
2.445410360897288626e+02 3.980433992513019916e+02 3.612471313476562500e+02
2.578003362917432923e+02 3.948616090303307828e+02 3.645105590820312500e+02
2.745734627517999797e+02 3.926870058785231663e+02 3.620111999511718750e+02
1.922946499693627231e+02 2.950574651022516832e+02 2.518821411132812500e+02
1.981776598163679637e+02 2.831904206160001536e+02 2.703080749511718750e+02
2.142246487486596322e+02 2.843869148044959161e+02 2.826488647460937500e+02
2.333196486529182039e+02 2.946740100576362238e+02 2.880981445312500000e+02
2.170688634535845551e+02 3.003243285175397546e+02 2.833077392578125000e+02
2.000955172669653734e+02 2.998488648897057374e+02 2.702852478027343750e+02
3.090213199391084800e+02 2.939785642377066779e+02 3.322355651855468750e+02
3.238422375248927665e+02 2.817530672200520030e+02 3.462259216308593750e+02
3.435605203067555067e+02 2.801005058976714963e+02 3.542521057128906250e+02
3.626706248563879171e+02 2.933328739181218907e+02 3.518375244140625000e+02
3.424169589173560553e+02 2.982297566971123501e+02 3.534762878417968750e+02
3.218972649069393128e+02 2.989419041293273835e+02 3.438397827148437500e+02
2.101082170075060844e+02 4.499246289062498931e+02 2.946021118164062500e+02
2.169042427810967695e+02 4.370876100068932715e+02 3.289169616699218750e+02
2.320914646522671205e+02 4.292153283452051369e+02 3.545021972656250000e+02
2.437293942918964262e+02 4.321760384593289359e+02 3.630361938476562500e+02
2.538408065496706172e+02 4.294325158452051596e+02 3.677291564941406250e+02
2.834353482115502629e+02 4.377161162971046338e+02 3.702851562500000000e+02
3.115698795094209572e+02 4.516097284294575616e+02 3.594475708007812500e+02
2.803786370969286281e+02 4.626239759497547652e+02 3.672561950683593750e+02
2.608719191607306698e+02 4.675322204829195698e+02 3.666725769042968750e+02
2.437980305989582916e+02 4.675639934704349230e+02 3.607207946777343750e+02
2.265216433057597669e+02 4.668732387408086879e+02 3.462939147949218750e+02
2.172465260225183386e+02 4.612438971066940780e+02 3.292467651367187500e+02
2.139824920055912685e+02 4.487978356694238755e+02 2.987703857421875000e+02
2.321415694891237536e+02 4.447985314702051483e+02 3.411830444335937500e+02
2.468287910012637667e+02 4.438206886680451930e+02 3.570471801757812500e+02
2.635926350911457803e+02 4.453780308383117585e+02 3.615944213867187500e+02
3.086659615310968547e+02 4.520693887388938492e+02 3.589824523925781250e+02
2.606041277717141611e+02 4.493897115310966797e+02 3.622364196777343750e+02
2.457682053509880120e+02 4.496868804572608838e+02 3.559270324707031250e+02
2.310507579130284626e+02 4.491451094324447126e+02 3.427796020507812500e+02
