2.978228270287606847e+02 4.097308972407322472e+02 1.664091644287109375e+02
3.017763766120461923e+02 4.380069095267501211e+02 1.635279541015625000e+02
3.076199012307559428e+02 4.648925553744446688e+02 1.611288757324218750e+02
3.148129297593060301e+02 4.906636556468289996e+02 1.594265136718750000e+02
3.266630582024068872e+02 5.187393100394453995e+02 1.630770111083984375e+02
3.510199045817057026e+02 5.409783907303155956e+02 1.730737304687500000e+02
3.804950680601830300e+02 5.565584640682444615e+02 1.875697479248046875e+02
4.134398229262407654e+02 5.713456993432138233e+02 1.956337738037109375e+02
4.455625776702282224e+02 5.787495097321154844e+02 1.830672454833984375e+02
4.665951757094438790e+02 5.699381555175781386e+02 1.627587890625000000e+02
4.722905537923177235e+02 5.538923562921262373e+02 1.299611206054687500e+02
4.720431531719132749e+02 5.356486414770986357e+02 9.821700286865234375e+01
4.728646619609758091e+02 5.125743717447917334e+02 7.393098449707031250e+01
4.738292160931755461e+02 4.850351759248621875e+02 6.275343704223632812e+01
4.768843825396369311e+02 4.591460979267195626e+02 5.863154220581054688e+01
4.811333918552772957e+02 4.315682313088809678e+02 5.544010162353515625e+01
4.843521432913985905e+02 4.023971644263174312e+02 5.488034820556640625e+01
3.660448390586703340e+02 3.823315916353113835e+02 2.386407470703125000e+02
3.849144639557483174e+02 3.740111320824717041e+02 2.481822204589843750e+02
4.062277383841720280e+02 3.714792160213694956e+02 2.500874786376953125e+02
4.236547517664292286e+02 3.745566899497836744e+02 2.488072509765625000e+02
4.361148797727098554e+02 3.786836367319144756e+02 2.451312255859375000e+02
4.866887496649050036e+02 3.777739866548426448e+02 2.145597229003906250e+02
4.953579448625152963e+02 3.740032996562883341e+02 2.057572479248046875e+02
5.042566022087546003e+02 3.712929815434474676e+02 1.918432159423828125e+02
5.120325154622396440e+02 3.737978405701881002e+02 1.715253295898437500e+02
5.128970688763786256e+02 3.804270933742149623e+02 1.494676361083984375e+02
4.645545637542126087e+02 4.112566018377565911e+02 2.295370178222656250e+02
4.720328448127297634e+02 4.323712524892770261e+02 2.380522613525390625e+02
4.792001987831265524e+02 4.516640885177313294e+02 2.465271759033203125e+02
4.812296545888863193e+02 4.680301405244715625e+02 2.478098449707031250e+02
4.476996643066406136e+02 4.814197742417279642e+02 2.298634033203125000e+02
4.572028153961780390e+02 4.832712326229320183e+02 2.312178344726562500e+02
4.672838897106694276e+02 4.864910052609911304e+02 2.282010192871093750e+02
4.726683407054227928e+02 4.829971073404948356e+02 2.213134307861328125e+02
4.758339511048559984e+02 4.797655427102481553e+02 2.116737060546875000e+02
3.886605120490578997e+02 4.082817635210822687e+02 2.351450958251953125e+02
4.025731938380820907e+02 4.010343704403147740e+02 2.398141174316406250e+02
4.155425644220090362e+02 4.018064472751991616e+02 2.340350189208984375e+02
4.247016571643305838e+02 4.091794289263557403e+02 2.223211975097656250e+02
4.157771229463464806e+02 4.132172806564032044e+02 2.300132293701171875e+02
4.020534887575635707e+02 4.129648318301930203e+02 2.358325500488281250e+02
4.741807793112362219e+02 4.077657867910347704e+02 1.928697357177734375e+02
4.872812780043658449e+02 4.004735764327704146e+02 1.895415039062500000e+02
4.982024161544500771e+02 3.992371610035615959e+02 1.810647888183593750e+02
5.019166046740962202e+02 4.050015376551011741e+02 1.663143920898437500e+02
4.964102067535998799e+02 4.099864000387752867e+02 1.781886749267578125e+02
4.855071034150964806e+02 4.112964383473116072e+02 1.882175140380859375e+02
4.217455954757390941e+02 5.168295275400198534e+02 2.225623931884765625e+02
4.419502203249463719e+02 5.119172764677159648e+02 2.305424652099609375e+02
4.602326444738051237e+02 5.077743372778799085e+02 2.297933044433593750e+02
4.680539915795419574e+02 5.095180877565870219e+02 2.250944366455078125e+02
4.730906751445695591e+02 5.074241806209788592e+02 2.220637664794921875e+02
4.808762801824831286e+02 5.100031201411228494e+02 2.058779449462890625e+02
4.820545160031786054e+02 5.144208975279565266e+02 1.858499603271484375e+02
4.781088036630667375e+02 5.227480093443627993e+02 2.029266662597656250e+02
4.720754270067401421e+02 5.275395273724724348e+02 2.115357513427734375e+02
4.641862759459252175e+02 5.284538884660310032e+02 2.187202148437500000e+02
4.517866300695082487e+02 5.280345212928921228e+02 2.250744781494140625e+02
4.409250684551163886e+02 5.234674364755667284e+02 2.263634338378906250e+02
4.258709719190410397e+02 5.162856122663908991e+02 2.218010406494140625e+02
4.527659434599034967e+02 5.166332062844669508e+02 2.233199768066406250e+02
4.642819799086626631e+02 5.162276542394301941e+02 2.194898376464843750e+02
4.707670361088771074e+02 5.156494612630208394e+02 2.120466613769531250e+02
4.810369749779794120e+02 5.147016509890088400e+02 1.878854980468750000e+02
4.706269965676700053e+02 5.159292898619409016e+02 2.121296234130859375e+02
4.631691395479089692e+02 5.170581418983608728e+02 2.179656066894531250e+02
4.529384880514705856e+02 5.166212408806295571e+02 2.234332580566406250e+02
