2.273804008334290643e+02 2.751362427954579744e+02 6.348108291625976562e+01
2.279423889758539872e+02 3.075356526094324181e+02 6.451798248291015625e+01
2.310655680338541629e+02 3.396725579953661054e+02 6.807084655761718750e+01
2.334276228362438701e+02 3.699284973144530682e+02 7.291735076904296875e+01
2.336243452483532224e+02 4.056690122118183126e+02 8.498277282714843750e+01
2.299601737826477859e+02 4.343590023265165883e+02 1.128320388793945312e+02
2.272810926250382977e+02 4.550196599025352953e+02 1.517220458984375000e+02
2.323034733192593251e+02 4.742302259258195818e+02 1.940328979492187500e+02
2.608450496897977473e+02 4.869544495825674630e+02 2.223058166503906250e+02
2.973902394014246511e+02 4.802246814204197563e+02 2.357451477050781250e+02
3.416807302437576936e+02 4.664312459309895758e+02 2.265164947509765625e+02
3.798570968328738218e+02 4.480205504174325597e+02 2.097460937500000000e+02
4.090588608685662280e+02 4.216456345502067506e+02 1.975114898681640625e+02
4.264569568110447904e+02 3.875335710114123344e+02 1.910128021240234375e+02
4.339560835296033474e+02 3.552270944632735450e+02 1.894634094238281250e+02
4.413607871859682064e+02 3.216017323811848314e+02 1.911189270019531250e+02
4.455112905464920914e+02 2.866911033480774904e+02 1.936194458007812500e+02
1.987260041479970596e+02 2.436105812222349414e+02 1.755843658447265625e+02
2.008782863841337303e+02 2.348186057595644911e+02 2.006261596679687500e+02
2.098593216241574737e+02 2.322776945525524184e+02 2.245792541503906250e+02
2.200073178160424163e+02 2.357816782633462935e+02 2.404606323242187500e+02
2.302275402592677551e+02 2.401745680266735121e+02 2.514599761962890625e+02
2.886005794749540883e+02 2.436184228635300997e+02 2.853121032714843750e+02
3.021189916274126972e+02 2.403941686293657369e+02 2.896965637207031250e+02
3.215196048512178777e+02 2.389848905675550554e+02 2.918540039062500000e+02
3.452910958084406161e+02 2.442823061475565964e+02 2.895585937500000000e+02
3.669890905043658336e+02 2.552792437385109565e+02 2.781821289062500000e+02
2.569821463192210445e+02 2.822054189046223200e+02 2.692630310058593750e+02
2.493345481124578669e+02 3.056135265873926983e+02 2.808784790039062500e+02
2.423424372055951324e+02 3.269020005170036143e+02 2.914255371093750000e+02
2.381982856900084187e+02 3.458596938189338061e+02 2.935683898925781250e+02
2.363065561331954711e+02 3.607265911027496372e+02 2.473596954345703125e+02
2.393018436805874671e+02 3.634390829647288115e+02 2.593832702636718750e+02
2.479304901123046818e+02 3.681789913401884178e+02 2.685364074707031250e+02
2.582062161314721607e+02 3.665749541637943594e+02 2.711184997558593750e+02
2.708914163626876643e+02 3.646750365014169120e+02 2.696222534179687500e+02
2.103088705623850956e+02 2.732699090695848554e+02 1.964516601562500000e+02
2.144032698089001201e+02 2.664273436901615355e+02 2.133878021240234375e+02
2.264309732474532666e+02 2.694814493216719598e+02 2.235936889648437500e+02
2.412638015447878388e+02 2.790372110404219939e+02 2.263623352050781250e+02
2.284883935666551622e+02 2.819929785634956829e+02 2.214876556396484375e+02
2.160423576205384393e+02 2.794384282130820338e+02 2.101516265869140625e+02
2.987345669615502857e+02 2.836651306152343182e+02 2.607974853515625000e+02
3.092192224839154733e+02 2.751687295951094256e+02 2.730225219726562500e+02
3.241734980564491480e+02 2.749441399069393128e+02 2.792733154296875000e+02
3.396847495883118881e+02 2.840994466744216425e+02 2.752068786621093750e+02
3.243213459089690787e+02 2.887186584472655682e+02 2.756166076660156250e+02
3.083671744552313498e+02 2.886599674000459004e+02 2.690687561035156250e+02
2.222061879475911041e+02 4.006411227357153848e+02 2.161396484375000000e+02
2.272927569221047577e+02 3.949980513030407110e+02 2.417163391113281250e+02
2.380943464092179909e+02 3.910870471430759494e+02 2.604045104980468750e+02
2.461142897661994482e+02 3.941942541982613193e+02 2.660642700195312500e+02
2.533771163042853800e+02 3.928169894349341007e+02 2.699890747070312500e+02
2.735926134894875759e+02 4.002978921329273589e+02 2.716731262207031250e+02
2.937828187830307911e+02 4.094405760521982529e+02 2.636788330078125000e+02
2.706932388006472365e+02 4.158093284457337404e+02 2.666806030273437500e+02
2.565791737275965261e+02 4.189822482239966348e+02 2.648264465332031250e+02
2.442749918021407609e+02 4.182046438179763754e+02 2.599575500488281250e+02
2.326718803256165415e+02 4.170479382084864710e+02 2.493207702636718750e+02
2.262551079843558455e+02 4.112890091241574737e+02 2.384161224365234375e+02
2.252195609298406680e+02 4.001282401290594635e+02 2.195599975585937500e+02
2.384470701329848055e+02 4.017710813036152331e+02 2.485216217041015625e+02
2.484547598446116581e+02 4.026724889418658222e+02 2.599660644531250000e+02
2.598660687016505335e+02 4.043069918763403621e+02 2.634536437988281250e+02
2.913695796592562601e+02 4.095307722503063133e+02 2.633567504882812500e+02
2.572053155038870500e+02 4.042362900677849211e+02 2.627415161132812500e+02
2.470917925067976171e+02 4.040737752278645303e+02 2.578993225097656250e+02
2.369454246969783640e+02 4.026619333304611246e+02 2.487681427001953125e+02
