1.985861731435738307e+02 2.917110587804456827e+02 5.410223007202148438e+01
2.001583038928462202e+02 3.191542808861825051e+02 5.802816009521484375e+01
2.044276794433593807e+02 3.452641022805605644e+02 6.317736053466796875e+01
2.074586356967103029e+02 3.698266293275121939e+02 6.866781616210937500e+01
2.084810515160654063e+02 3.966510415948605441e+02 8.323160552978515625e+01
2.132508352840647490e+02 4.195988364305682126e+02 1.097753143310546875e+02
2.165346160888671534e+02 4.331469298598344722e+02 1.431651916503906250e+02
2.244826404047947221e+02 4.439061593328736990e+02 1.783689422607421875e+02
2.509836206772748142e+02 4.520957171750535508e+02 1.991883544921875000e+02
2.834222158394607618e+02 4.479345312260645642e+02 2.036216430664062500e+02
3.189836079915364735e+02 4.388395140883501426e+02 1.842063446044921875e+02
3.462400657504212518e+02 4.283230994609757545e+02 1.602047424316406250e+02
3.682423431994868110e+02 4.091070077215456422e+02 1.429003906250000000e+02
3.817671031278722467e+02 3.819588166360293826e+02 1.329236145019531250e+02
3.908710991354549265e+02 3.563409255562576163e+02 1.308247528076171875e+02
3.984903638652726272e+02 3.290059797578699090e+02 1.305884704589843750e+02
4.030725547640931836e+02 2.983401140878714841e+02 1.294350433349609375e+02
1.926944449032054365e+02 2.577767640536438876e+02 1.489024353027343750e+02
1.982636756448184769e+02 2.476885798615099930e+02 1.685338592529296875e+02
2.093140921798407135e+02 2.433585969393860751e+02 1.857778625488281250e+02
2.204028904933555566e+02 2.448361749865961485e+02 1.973322906494140625e+02
2.306237153296377187e+02 2.473509570132984550e+02 2.047053527832031250e+02
2.852667570226333282e+02 2.467643583888633430e+02 2.237336730957031250e+02
2.976198707730162596e+02 2.437260465913660141e+02 2.251843109130859375e+02
3.139590632419960343e+02 2.427960543643726794e+02 2.234690399169921875e+02
3.332878918217678006e+02 2.482254960482728166e+02 2.183583374023437500e+02
3.485102554620481214e+02 2.597577272183287391e+02 2.075050506591796875e+02
2.562480226404526888e+02 2.823436890127144352e+02 2.188629302978515625e+02
2.509725608676087631e+02 3.012990274347042714e+02 2.324859619140625000e+02
2.449202919754327468e+02 3.174084783696192744e+02 2.448426971435546875e+02
2.421364665910309668e+02 3.325149741258807694e+02 2.489323730468750000e+02
2.339637200449027432e+02 3.480584672396789756e+02 2.121317901611328125e+02
2.382827683991076810e+02 3.497989517989812498e+02 2.214133605957031250e+02
2.461021790747549289e+02 3.530578576660155932e+02 2.279410858154296875e+02
2.546804487639782337e+02 3.515657660271139093e+02 2.283486480712890625e+02
2.654473468855315446e+02 3.504880126235063926e+02 2.250667419433593750e+02
2.067205475451899588e+02 2.819692932607612761e+02 1.665074310302734375e+02
2.123674763399012022e+02 2.749479422655292069e+02 1.791479034423828125e+02
2.238344372917624128e+02 2.761624885589000655e+02 1.858721771240234375e+02
2.364505105411305408e+02 2.833114705283968533e+02 1.868968200683593750e+02
2.253235520306755575e+02 2.869714582734949317e+02 1.849600830078125000e+02
2.134935537899241922e+02 2.860356134033202693e+02 1.772132720947265625e+02
2.894619123870251087e+02 2.849906444355085569e+02 2.062396850585937500e+02
3.001606019263174403e+02 2.774006766405292410e+02 2.138724670410156250e+02
3.133292321298636693e+02 2.766905077646292739e+02 2.167839660644531250e+02
3.251225152707567645e+02 2.848063656556372507e+02 2.122170715332031250e+02
3.124603819604013779e+02 2.885665853343290337e+02 2.153023071289062500e+02
2.988352744906556495e+02 2.889593241852404617e+02 2.116009216308593750e+02
2.182288671755323151e+02 3.815163471775427979e+02 1.909633941650390625e+02
2.260119770124846639e+02 3.751584209846047315e+02 2.106520996093750000e+02
2.370650332581762996e+02 3.721909622970281362e+02 2.238144836425781250e+02
2.447382001091452253e+02 3.750711949247471466e+02 2.275718536376953125e+02
2.509795262355430623e+02 3.739794529813877944e+02 2.295302886962890625e+02
2.687113394942938385e+02 3.796909583476945045e+02 2.280242309570312500e+02
2.850603200875076482e+02 3.874475073002832914e+02 2.180761718750000000e+02
2.655913941626454857e+02 3.903451967007505345e+02 2.254552154541015625e+02
2.536492660223268558e+02 3.917999277630973438e+02 2.268599243164062500e+02
2.425710265514896946e+02 3.907995930271522411e+02 2.250233764648437500e+02
2.313586146335975684e+02 3.903009767300474095e+02 2.181893615722656250e+02
2.246864665311925364e+02 3.868354027123543801e+02 2.094607849121093750e+02
2.211728863884420662e+02 3.806694046798406248e+02 1.932996673583984375e+02
2.364569075042126087e+02 3.806727573050703768e+02 2.154083862304687500e+02
2.460617259904449838e+02 3.818132664579503057e+02 2.227582550048828125e+02
2.560151693306717107e+02 3.831954151108685096e+02 2.237126617431640625e+02
2.827480684168198195e+02 3.874478733915440216e+02 2.183553771972656250e+02
2.536970023959290756e+02 3.814166162109374341e+02 2.240988464355468750e+02
2.446056461708218421e+02 3.811360746974570475e+02 2.219311065673828125e+02
2.347098333022173620e+02 3.799585325233608728e+02 2.159751281738281250e+02
