3.186621258305568176e+02 2.133434186628753650e+02 1.140079498291015625e+02
3.229894478891409904e+02 2.370804974604588438e+02 1.104921264648437500e+02
3.283567476758769885e+02 2.604083658136106578e+02 1.085325241088867188e+02
3.351763434316598023e+02 2.820465717869179798e+02 1.071402816772460938e+02
3.471441612094056381e+02 3.053897443464691150e+02 1.106812667846679688e+02
3.671176149256089047e+02 3.241276480162377993e+02 1.222211761474609375e+02
3.901003069709329338e+02 3.364259745758655527e+02 1.362104492187500000e+02
4.178002122467639765e+02 3.447888041657093936e+02 1.464986724853515625e+02
4.453537446863510922e+02 3.475341066128601142e+02 1.396692352294921875e+02
4.639928673837699762e+02 3.384513346832874845e+02 1.246453018188476562e+02
4.704645013547411736e+02 3.257656199017694121e+02 9.745275878906250000e+01
4.729717808143765296e+02 3.106588640280331788e+02 7.179606628417968750e+01
4.750790498621323650e+02 2.909830186312807427e+02 5.357586669921875000e+01
4.748886505725337202e+02 2.667152746342678711e+02 4.672565841674804688e+01
4.767960656259574534e+02 2.442997693708832116e+02 4.519258499145507812e+01
4.790746653837317126e+02 2.214488701794194867e+02 4.439142990112304688e+01
4.805013389437806950e+02 1.973329267195160241e+02 4.520120239257812500e+01
3.664151892568551148e+02 1.928509868128160178e+02 1.799238739013671875e+02
3.801294533523858945e+02 1.863013515277937699e+02 1.891875457763671875e+02
3.959715114817900030e+02 1.827690364343980320e+02 1.920062408447265625e+02
4.092370591107537052e+02 1.829573227407418585e+02 1.924312591552734375e+02
4.192165556664560881e+02 1.843675261733111768e+02 1.902229919433593750e+02
4.605886484183517950e+02 1.798226424452838330e+02 1.717959289550781250e+02
4.680893330891927917e+02 1.765182589542165204e+02 1.662963867187500000e+02
4.764898064108456310e+02 1.743279906508502393e+02 1.567126922607421875e+02
4.853304487639783247e+02 1.760451138545018352e+02 1.426951751708984375e+02
4.893546034869026471e+02 1.810260719628428205e+02 1.253556671142578125e+02
4.440377898571538253e+02 2.079145160630170608e+02 1.805203704833984375e+02
4.493987506941253400e+02 2.245703154799518302e+02 1.874920806884765625e+02
4.554003394033395011e+02 2.393909153238932959e+02 1.944559936523437500e+02
4.579671007343367819e+02 2.526798052499809160e+02 1.952950134277343750e+02
4.339052751129748913e+02 2.657471383367801536e+02 1.770423889160156250e+02
4.416813718309589376e+02 2.667033687097887196e+02 1.786721343994140625e+02
4.502890368891697790e+02 2.686437797277114896e+02 1.770463867187500000e+02
4.550106591318167943e+02 2.651731868250230946e+02 1.723914489746093750e+02
4.592190532609528191e+02 2.622040116134345453e+02 1.650422668457031250e+02
3.862513109992532350e+02 2.107752486763749289e+02 1.789753723144531250e+02
3.961169452143650460e+02 2.045812312586167820e+02 1.833789215087890625e+02
4.063845157997280921e+02 2.040943935499004738e+02 1.800519561767578125e+02
4.146049199721392711e+02 2.090985745777803970e+02 1.718245239257812500e+02
4.072975712794883520e+02 2.130548432473576099e+02 1.770157012939453125e+02
3.963316895728017926e+02 2.137443920539407713e+02 1.805327453613281250e+02
4.552923583984375568e+02 2.048609011062922036e+02 1.531998748779296875e+02
4.650494385962393267e+02 1.983962228692747090e+02 1.525994415283203125e+02
4.741394527659697360e+02 1.970477097933900836e+02 1.478633117675781250e+02
4.794819498697917197e+02 2.015025629260493929e+02 1.372369079589843750e+02
4.740325700348499254e+02 2.057570208859911816e+02 1.451308593750000000e+02
4.646637853285845949e+02 2.073701065242992172e+02 1.509534912109375000e+02
4.146843379001991821e+02 2.974447522212010426e+02 1.674965820312500000e+02
4.305614452885646415e+02 2.905396343635111407e+02 1.750150604248046875e+02
4.452365795659084142e+02 2.856338204656863695e+02 1.760834960937500000e+02
4.521346780215992567e+02 2.865756459434360295e+02 1.729368896484375000e+02
4.564028723623238193e+02 2.845441896206725687e+02 1.710004425048828125e+02
4.653194706935508975e+02 2.860899701765472400e+02 1.579790039062500000e+02
4.698352700626148817e+02 2.894755503216912871e+02 1.409368591308593750e+02
4.648934678021599893e+02 2.959790501493566808e+02 1.559348602294921875e+02
4.598822037042356214e+02 3.000534389600567806e+02 1.628925781250000000e+02
4.531378476610370853e+02 3.015462636192173136e+02 1.679659576416015625e+02
4.422673247692631548e+02 3.029629731301700986e+02 1.720119171142578125e+02
4.323809825224035421e+02 3.007744795735678167e+02 1.716886596679687500e+02
4.179966361251532021e+02 2.963920170084636538e+02 1.669905242919921875e+02
4.406804624071308467e+02 2.932195815621171278e+02 1.700557403564453125e+02
4.504173598345588516e+02 2.920114008166744384e+02 1.680651702880859375e+02
4.564637867647059011e+02 2.911605888097427624e+02 1.627045898437500000e+02
4.684227944766773817e+02 2.897193989353554571e+02 1.425030670166015625e+02
4.568509998994715033e+02 2.906525178079044736e+02 1.628471527099609375e+02
4.505040916293274904e+02 2.926403933536305999e+02 1.669705657958984375e+02
4.415459658155254488e+02 2.935278781546799109e+02 1.700590972900390625e+02
