2.162725092869178809e+02 3.314816927083332416e+02 8.184582519531250000e+01
2.165863631902956570e+02 3.710041451487820723e+02 9.219198608398437500e+01
2.203285390816482732e+02 4.118120062375535326e+02 1.039182357788085938e+02
2.231486662023207543e+02 4.508976549574907153e+02 1.174558563232421875e+02
2.234713533289291831e+02 4.926967999865960905e+02 1.429863433837890625e+02
2.214419244504442190e+02 5.226181709080115070e+02 1.889038238525390625e+02
2.199655119054457373e+02 5.403592755725335337e+02 2.419570007324218750e+02
2.269167928059895587e+02 5.536099421721812632e+02 2.993562011718750000e+02
2.635720907772288228e+02 5.609702628580728287e+02 3.381363220214843750e+02
3.109553134095434075e+02 5.498334481272976291e+02 3.516966857910156250e+02
3.658085317574294777e+02 5.355023668715531358e+02 3.329831237792968750e+02
4.127277190563725071e+02 5.186655114506738755e+02 3.023839721679687500e+02
4.509208795285692304e+02 4.873473268037682828e+02 2.760609130859375000e+02
4.722510342467064675e+02 4.451202944527419731e+02 2.607296447753906250e+02
4.823158183976715918e+02 4.045860969334021888e+02 2.550642547607421875e+02
4.930656015433517041e+02 3.648559722541359633e+02 2.525682983398437500e+02
4.997920927159926237e+02 3.210148887724034807e+02 2.494262542724609375e+02
1.789173072964537425e+02 2.665427300187652122e+02 2.143850708007812500e+02
1.817421088723575622e+02 2.473369405350030092e+02 2.420296020507812500e+02
1.925979406020220779e+02 2.376012896010454369e+02 2.716486511230468750e+02
2.062514254700903962e+02 2.373114983293121156e+02 2.922093811035156250e+02
2.197667560652190843e+02 2.392736632941750372e+02 3.069174499511718750e+02
2.984717897901348351e+02 2.306088202622356960e+02 3.512202758789062500e+02
3.172032801011029619e+02 2.251055807913985518e+02 3.552904663085937500e+02
3.423903095320159764e+02 2.237084426820044030e+02 3.553141784667968750e+02
3.734825899011948991e+02 2.331792799048329812e+02 3.535330810546875000e+02
3.991041274126838516e+02 2.533245600322648272e+02 3.442767639160156250e+02
2.545740139830346607e+02 2.901664951937805768e+02 3.402588195800781250e+02
2.445513331992953567e+02 3.176234301039751244e+02 3.624132995605468750e+02
2.350821678012025018e+02 3.410003474456187860e+02 3.822489013671875000e+02
2.308346516927083201e+02 3.633395856311273633e+02 3.921241149902343750e+02
2.284185072954963118e+02 3.939833012838923310e+02 3.361776428222656250e+02
2.335902014638863307e+02 3.957036338895908898e+02 3.527066955566406250e+02
2.451362556008731701e+02 3.996495727778415130e+02 3.659643859863281250e+02
2.578342052983302324e+02 3.960735479856003849e+02 3.685395202636718750e+02
2.750113477519913658e+02 3.936970449649585362e+02 3.656089172363281250e+02
1.931712018181296173e+02 3.009145981971889228e+02 2.500784606933593750e+02
1.976205013499540541e+02 2.885399344889322037e+02 2.690038146972656250e+02
2.131336375517003887e+02 2.889949369782091821e+02 2.813908996582031250e+02
2.327300351610371081e+02 2.989470018813188972e+02 2.877924194335937500e+02
2.163393989114200622e+02 3.054297559790517198e+02 2.823187561035156250e+02
1.998332819919960457e+02 3.055859426700366726e+02 2.685209960937500000e+02
3.078555340935201912e+02 2.964960402784159896e+02 3.312105102539062500e+02
3.223616163066789113e+02 2.836069203335630391e+02 3.448694152832031250e+02
3.416727057961856531e+02 2.812051819087009790e+02 3.530191040039062500e+02
3.612695858226102814e+02 2.942820286410462245e+02 3.508968505859375000e+02
3.408284758923100526e+02 2.998705311734067891e+02 3.526506042480468750e+02
3.206826717601102814e+02 3.013454465619254847e+02 3.426439819335937500e+02
2.125606757668887496e+02 4.542301256606156699e+02 3.024470214843750000e+02
2.198914026596966949e+02 4.396046701708025921e+02 3.347461853027343750e+02
2.340740824381510379e+02 4.319015339211855462e+02 3.596988220214843750e+02
2.456117025936351013e+02 4.347006176757811318e+02 3.682045898437500000e+02
2.552100393257888982e+02 4.317087334367339508e+02 3.727307128906250000e+02
2.849404895258884380e+02 4.390904800953583162e+02 3.740806274414062500e+02
3.132706492704503489e+02 4.519621664847578586e+02 3.634843750000000000e+02
2.805375020345051666e+02 4.603190610638785643e+02 3.706965026855468750e+02
2.609987116794959547e+02 4.642500949276193865e+02 3.707758789062500000e+02
2.444148091634114337e+02 4.641245001340378735e+02 3.654437255859375000e+02
2.288859361835554296e+02 4.654606623870250246e+02 3.517144165039062500e+02
2.199499913832720210e+02 4.619852964154410415e+02 3.356130371093750000e+02
2.168051809273514152e+02 4.524484429093902236e+02 3.063958129882812500e+02
2.354926714728860304e+02 4.472999879365807487e+02 3.463477172851562500e+02
2.492570956361060155e+02 4.464014944278491726e+02 3.613522033691406250e+02
2.652442981196384721e+02 4.467612444948681514e+02 3.655403747558593750e+02
3.101595248353247030e+02 4.523237796798405839e+02 3.628090820312500000e+02
2.616957045611213175e+02 4.477822386737897205e+02 3.653218688964843750e+02
2.479529725317861448e+02 4.484182640165440148e+02 3.597090148925781250e+02
2.339339652267156850e+02 4.488999158911610152e+02 3.472650756835937500e+02
